-0.031841893
0.031011265
0.19163059
0.0010959315
-0.08319722
-0.058217764
0.16156031
0.06330594
0.046318293
0.12017198
0.13897787
0.17169559
-0.22435269
0.071591966
-0.19967015
0.07709495
7.99912E-4
0.15043712
0.04515705
-0.014261229
-0.21371555
0.14844035
0.14904828
0.07737336
-0.04399553
0.024681065
-0.19880481
-0.047160774
0.17895567
-0.117114834
0.01748438
-0.20786989
0.12882552
-0.08872994
-0.07989699
0.336895
0.15798649
-0.13226408
0.1384949
-0.048329387
-0.10431616
0.08276427
-0.035339683
-0.027156947
0.11947724
0.044553176
0.07839206
-0.10716618
-5.1429623E-4
-0.06877236
-0.11212892
-0.06484848
0.17667757
0.02608755
0.044651955
0.16858564
0.09126405
0.048635263
0.09996537
-0.1755825
-0.15777469
-0.30978706
0.123041436
-0.12553951
0.005422045
0.07039997
-0.09325788
0.13038446
0.021294402
0.17833945
0.18661886
-0.1912117
0.24925661
0.07695009
-0.044000752
-0.10416187
0.0071246983
-0.08731871
-0.17849503
0.052082278
0.054293126
-0.04663097
-0.08641679
-0.1642141
0.19436942
0.061444037
-0.013008001
0.06107541
0.0021789514
0.10103584
0.17305987
-0.037494674
-0.014208477
0.11795287
0.049898077
-0.15003516
0.010496652
0.05222124
-0.0449325
-0.15938221
