-0.026605848
0.01210101
-0.023671554
0.022560276
-0.012698164
-0.018737802
-0.005111803
-0.015123547
-0.012821715
-0.009887485
-0.018369488
-0.010486981
-0.014621871
-0.009816965
0.010644659
-0.019165479
-0.025777949
-0.03304378
-0.028313803
-0.02738741
0.0010912812
-0.018640785
2.9495615E-4
-0.013817402
-0.0011234698
-0.036435127
-0.001978219
0.03978079
0.018139997
-0.028363625
0.023833765
0.04780205
0.013155413
-0.01409868
0.02022731
-0.0016305165
0.0166644
0.041930377
-0.0043556215
-0.0065313024
