-0.037796132
-0.0032881065
-0.029496927
-0.027596757
-0.0020690737
-0.019229498
-0.017205695
0.012820727
-0.027185624
-0.015493209
-0.022553237
-0.036650542
0.011388609
-0.042529643
-0.00986941
-0.014316333
-0.02091608
-0.046148174
-0.036181357
-0.05391223
-0.010705476
-0.015877247
-0.0033431316
0.044144705
-0.035418607
-0.019864216
0.026843205
-0.017707832
-0.008800273
-0.007984532
-0.011193098
0.020776087
0.041940298
0.006082642
0.04064351
-0.0029725519
0.009917797
-0.0033061933
0.015580537
0.039879084
-0.001964928
0.010132466
0.0035466547
0.02501866
0.049299844
