-0.074506246
-0.048550267
-0.053506665
0.110708624
-0.2669918
-0.17871638
-0.020787034
0.043359615
0.13713515
-0.076737806
-0.17403977
-0.020368656
0.11519686
0.060369596
-0.21151227
-0.06532464
0.11800979
-0.031478837
-0.13375315
-0.13119185
-0.07062234
-0.031774543
-0.009126313
-0.059369106
-0.022612955
0.20385265
-0.19876502
0.038849607
-0.13913509
0.053674765
0.007850708
0.15828891
0.15025504
-0.07912432
0.08589082
-0.02055632
0.13826776
-0.1272041
0.23045754
0.051248014
-0.077292934
0.061181344
0.26101956
-0.04646459
0.13621442
-0.08482234
0.15534277
0.046202783
-0.020316562
0.14562738
-0.027855597
0.07998688
-0.12372712
0.2743238
0.074499264
0.2007015
-0.18115774
0.11400968
-0.10820459
0.15065555
0.012908383
-0.08969116
0.08613049
-0.080042504
-0.092439525
-0.052587252
0.09318842
-0.0688269
0.16687965
0.19499943
-0.058315437
0.14395697
-0.20987448
-0.008125842
0.04798727
-0.016854215
-0.061146315
0.17093542
0.20350285
-0.19993624
-0.09290469
-0.13477658
-3.933215E-4
0.13852303
0.09584614
0.17347251
0.05316552
0.103373125
0.114273675
-0.017642183
0.100009784
0.2817747
0.010169902
-0.08243163
-0.0013278404
0.016799364
-0.09722861
0.06990391
-0.09373978
0.27282318
