-0.023425758	-0.05453275	0.22000766	0.26876524	-0.21449293	-0.22379279	0.18335538	-0.32419282	0.12490294	-0.13971213	0.08070234	-0.13729367	0.23538871	0.3082024	-0.18307123	-0.1659395	-0.33024102	-0.026179051	-0.16459148	-0.32045758	0.31067747	0.058457486	-0.13340235	0.24448015	-0.32264856	-0.14982422	-0.08411102	-0.047313858	0.014191803	-0.12305614	-0.053477883	-0.048858944	-0.1695854	0.24115488	0.1409418	-0.20403829	0.27213612	0.1252143	-0.17805097	0.030881258
0.18991168	0.21548347	0.24503908	0.18018478	-0.022209385	-0.20475137	-0.22374721	0.24600348	0.24307024	-0.26368886	0.15807769	0.153321	-0.14150096	0.07001092	-0.21078832	0.18147448	-0.33906132	-0.19863021	-0.14012367	-0.1551279	-0.29939368	-0.33608067	0.05126959	0.23809628	-0.15074494	0.15556277	0.16470347	0.099388935	-0.30058202	0.21911405	0.06363402	-0.09679842	-0.09511555	-0.3297222	0.08097566	0.24146655	-0.09133652	-0.010348469	0.2339671	0.011091457
0.124687694	0.22622949	-0.22297587	0.28920874	-0.25861832	0.15471664	-0.35486916	-0.17985807	-0.111108616	-0.13222615	0.23814002	0.14249212	0.21706283	0.084016226	-0.23845723	-0.1947899	-0.32118356	-0.0963274	-0.33950073	-0.3075067	0.28432032	0.20265032	0.03156983	-0.24946521	-0.38481125	-0.02618453	-0.11996823	0.2627865	-0.27006105	0.18347307	-0.12625948	0.24004984	0.21586221	-0.07481648	0.21119581	0.0981707	-0.1285309	-0.27021405	0.28325364	0.0090264175
0.17357683	-0.024984669	0.21513313	0.11780238	0.26115507	0.03541983	-0.16437638	0.23735127	-0.05004602	0.20833279	0.23645449	0.2660044	0.16038954	-0.08185883	-0.29051736	0.23399091	0.25565907	0.24322633	0.14302577	0.07164806	-0.06771624	-0.280359	0.2664443	0.08742963	-0.01962638	-0.3219294	-0.18571733	0.02433144	-0.36512733	-0.13765644	-0.4003457	-0.4641277	-0.07933038	0.095438324	-0.0925234	-0.3952639	0.16464284	-0.08679398	-0.11392497	0.020689918
-0.05563061	-0.03076743	-0.1555088	-0.3067671	0.090160154	0.17251702	-0.3894483	-0.1736243	-0.2584197	-0.32591859	-0.16675411	-0.12163072	-0.03410313	-0.09483444	-0.178938	-0.34446195	0.07100452	-0.08281921	0.20686723	0.19805385	-0.29408586	-0.2913513	0.18341927	0.24567637	0.16270442	-0.0012050816	0.28256607	0.24074887	0.13314623	0.031692337	-0.0053386195	0.07266975	0.21557887	0.1452322	0.12540562	0.021111965	0.24124572	0.20388848	0.19419351	-0.13714871
-0.15927213	0.13039659	-0.28755897	0.032298718	0.010264109	-0.077172674	-0.22402899	0.056551795	-0.26260078	-0.2746942	-0.15673058	-0.26750374	-0.18163279	0.20394807	-0.029589197	-0.07430364	0.20064877	-0.26512685	-0.26875243	-0.08433858	0.06694754	0.17479397	-0.21031949	0.26271844	0.19601977	-0.09937602	0.052467044	0.10926544	-0.1372895	0.20856932	0.16907196	0.13300186	0.06276164	-0.14694901	-0.013869389	0.14569864	0.052844644	0.31874967	0.015019602	-0.19826216
0.20987259	0.05109196	0.19219616	-0.22120592	-0.055986654	-0.22848222	0.12279101	-0.114840694	-0.120437585	-0.23276949	-0.19527711	0.068220474	0.02457676	-0.2345115	0.0710186	-0.28918234	0.23543859	-0.2066396	0.25072023	-0.09999265	-0.023616621	0.051348448	0.022124626	0.048712693	-0.2522286	0.33346885	-0.22061996	0.35696155	-0.060441386	0.20190272	0.085508615	0.047906313	-0.1666344	0.18103628	0.22905104	0.19215354	-0.1451333	-0.3506175	0.17489444	0.13410597
-1.6863854E-4	0.14005163	-0.054596674	0.18986335	-0.2957325	0.20832334	0.12816064	0.031664286	-0.26426387	-0.15220946	0.26355186	0.3289218	-0.24860266	0.23225775	0.28437206	0.07602567	0.094309084	-0.106017694	-0.22084731	-0.28257832	-0.235655	0.2236116	0.08652487	0.22640221	-0.2604251	0.25052345	-0.4241717	0.2613132	0.31563735	-0.21796876	-0.32717913	-0.2017401	-0.16468644	0.15296829	0.16279371	0.11464717	0.054138977	-0.41468522	-0.23720703	0.122471265
-0.051176824	-0.112256296	-0.020987181	-0.09113392	-0.11486315	-0.32909504	-0.25089666	-0.13591696	-0.19734325	0.31349382	0.0013512108	0.10091326	0.11818716	-0.21994492	0.010367571	0.16082282	-0.010084838	0.11214938	0.2946387	-0.043648798	0.175099	0.27374882	-0.26776004	-0.0011520812	-0.10738432	-0.12289476	-0.3033387	-0.13851178	-0.28204057	0.08210675	-0.11473788	0.097883776	-0.007841914	-0.41727355	-0.47977698	-0.38706747	-0.39742637	-0.27158102	-0.2505135	0.1573038
-0.19611974	-0.23394214	0.0960239	-0.2546143	-0.07315396	-0.2209868	0.17504293	-0.21955001	0.042396754	0.040772524	0.10196495	-0.21848463	-0.08141537	-0.3052091	0.048147492	0.1586332	-0.25574863	-0.24893843	0.07902862	-0.09445314	0.026252516	-0.3533687	-0.32372922	-0.33567142	-0.15844499	0.01063282	-0.13820532	0.1634673	0.29850394	-0.15470739	-0.20440774	0.1329275	0.07100351	0.19200355	0.30596834	0.037457738	0.041909065	-0.076507494	0.23291181	0.15821394
0.08155363	-0.10506101	0.13462497	-0.26468772	0.21337941	0.009110281	-0.13539079	-0.03155613	-0.2410618	-0.2866161	0.24436755	-0.24237245	0.03594403	-0.16118865	-0.23600507	-0.28383192	-0.029547641	-0.2074186	0.065352164	0.119152956	-0.32136407	-0.3003535	0.07942223	-0.12358839	-0.02746782	-0.1064728	0.1115157	0.31688312	0.06950263	0.15449642	0.2106583	0.22706512	0.080929615	0.15675884	-0.054399367	-0.11758302	-0.04778064	0.3338234	-0.12539965	0.21622239
0.23494795	0.03731749	0.05695503	0.17146991	0.11173745	0.1503601	-0.31620625	0.29602876	0.01837145	0.25973806	-0.3094177	-0.07973425	0.23239443	-0.26791692	-0.07947607	-0.25701532	-0.12168181	-0.013442394	-0.26324424	-0.20696227	0.2917109	-0.18857265	-0.08959557	0.30058837	-0.277182	0.12793094	-0.09368666	0.06830608	-0.072799794	0.071337275	-0.17792222	0.14718044	0.16339642	-0.12693891	-0.05756041	0.04685148	0.14558558	-0.3436397	-0.07321695	-9.557278E-4
0.2932393	0.2975602	0.1849817	0.24960326	-0.01878341	-0.048492745	0.1525068	0.035369538	0.08929596	0.104783356	0.25485888	-0.052093703	-0.118780375	0.076043	-0.14769062	0.19817996	0.25723287	-0.17749335	-0.06477786	0.038374517	-0.4237154	-0.22025597	0.15368332	-0.3502365	-0.36867785	-0.23901391	-0.022424402	-0.10019567	-0.15597391	-0.22447576	-0.33198237	-0.29119053	-0.090751335	-0.2674102	-0.13106272	-0.029087339	-0.20309712	0.16281432	-0.3032377	-0.0319848
0.07969317	0.20233959	-0.29338333	-0.011533004	0.2187954	0.041359097	-0.23418784	0.18795441	0.17691122	-0.25715208	-0.15240842	0.057176933	-0.12315218	-0.23845012	0.18070002	-0.26562095	0.28064895	-0.20439644	0.28430092	-0.30821928	-0.33456287	0.35248965	0.03152031	0.38750276	0.10317913	0.13652925	0.15103312	-0.1236448	-0.19657575	-0.09070005	-0.24595274	-0.016895635	-0.28867164	-0.34056994	-0.038208723	0.1927849	-0.1278101	-0.3730268	0.2109619	0.15829697
-0.25759318	-0.05288991	0.12490102	0.111567505	-0.084001936	0.013655315	0.16399327	-0.1366765	-0.15580274	-0.28656068	0.08909404	-0.17047772	-0.17201364	-0.26852807	-0.3253595	-0.34341735	0.027181843	0.031871587	0.11112484	-0.365184	0.26241833	0.13647176	0.040841658	0.03252343	-0.025659213	0.1424051	0.21235439	-0.03714613	0.1807868	-0.14083494	0.20279956	0.31633353	-0.15529026	0.22042432	0.11813287	0.115037926	-0.047086243	0.22065006	0.18292755	-0.12431478
0.016261846	-0.37601086	-0.10603321	-0.27943456	-0.070160165	-0.27979684	-0.01260943	0.09421158	0.02530051	-0.14023435	-0.3586684	-0.2227901	-0.30478203	-0.39078194	-0.076723665	0.21663973	0.035645615	0.066746734	0.12744191	0.17447703	0.11853643	0.23591606	0.027325764	0.2661015	-0.15671995	0.19718218	-0.06199575	0.31886908	0.20016044	0.030037355	0.22980185	0.34326112	0.15227026	0.00887677	0.24933343	0.19547245	-0.015432894	-0.08738329	0.2743667	0.27032346
0.32750788	-0.17825042	-0.3508433	-0.02477027	-0.3033276	0.20789492	0.1745842	0.034750562	-0.040355906	0.08591217	0.01126061	-0.10675016	-0.05267235	-0.13522996	-0.15195066	0.0030465696	0.016340004	0.26651803	0.28181645	0.12020124	-0.4427251	-0.1267797	0.13405123	0.101483546	0.17727391	-0.2738954	0.19932428	-0.46199244	-0.3313662	-0.09131202	0.02765495	-0.5253611	-0.30596608	-0.0057850955	-0.39604145	0.16601585	-0.18945552	0.024466911	-0.19444445	0.08060088
-0.36813596	-0.34985045	-0.1574092	-0.14403862	-0.1718542	-0.06225054	-0.062239185	0.10246405	-0.11766913	0.24780121	-0.39309725	-0.22957942	0.044262726	0.27558252	-0.04635788	0.030666899	-0.4195919	0.03372661	-0.24967712	0.08117646	0.26916426	-0.018258695	-0.09012533	0.1534736	0.040457495	-0.18785718	0.2071172	0.24482928	-0.016531877	-0.11656528	0.30550134	-0.035416067	0.30033323	0.28362995	0.3103657	-0.16214013	0.28990692	-0.16734257	0.1387302	-0.2969744
0.21440521	-0.16743287	-0.07001017	-0.022015	0.07987279	-0.04760955	-0.2538388	-0.31270766	-0.14500292	-0.14954612	-0.13298719	0.2443932	-0.01810033	-0.2759275	0.19768578	0.08581039	0.25112477	-0.20548022	-0.1422834	-0.18402506	-0.1682433	0.17619437	-0.41172898	-0.14568841	-0.18615744	0.2476748	-0.22112758	0.10234749	0.25575927	-0.06485681	-0.25290197	-0.0419266	0.12305163	0.042324096	-0.13638787	0.18362612	0.17828101	0.32475555	0.24792342	-0.10135546
-0.29450014	0.043493714	-0.076094285	0.18575191	0.23877592	-0.121109344	-0.2711564	-0.3338712	-0.13764553	0.02095448	0.22359674	-0.09841761	-0.28954726	0.052461483	0.21300256	-0.43793002	-0.23474157	-0.27392235	0.054118544	-0.19644819	0.23078051	-0.33687463	0.058541454	-0.23479636	0.25619674	-0.29889226	0.24017154	0.20112604	0.21566801	0.14791672	-0.16516842	-0.29359394	-0.20848559	-0.298011	0.025880918	0.048508346	0.17020625	0.084544525	0.13398467	0.16633539
0.03903222	-0.25944468	-0.38589177	-0.11088634	-0.21258363	0.035982486	0.07328735	0.23659639	-0.16846424	-0.34611943	-0.30563885	-0.29265627	-0.11685838	-0.11277096	-0.10197705	0.12278041	-0.14520836	0.23659864	0.19578357	-0.0417431	0.012227862	0.22122005	0.17209716	-0.22299846	-0.16050182	0.13083883	-0.2901482	0.08048915	0.28737187	-0.1763064	-0.29043087	0.2560617	-0.24400288	-0.13003749	0.08604555	0.2899593	0.17967914	0.07521262	0.22501478	0.2546472
0.25830835	0.12137714	0.015759835	0.14243804	-0.09145776	0.17906593	-0.02066384	0.21968333	-0.15682091	-0.28058693	0.117033795	-0.13100958	0.10828653	0.090110995	0.2461081	0.24497916	0.2130399	0.14307168	0.014811456	-0.09642704	-0.31482401	-0.18146925	0.2419053	-0.40720427	-0.1775945	0.035811022	0.18936688	0.17123742	-0.06367382	-0.3221395	-0.3271113	-0.061490215	0.21599582	-0.07092679	-0.026790123	-0.1749583	0.2985633	0.20206466	0.1311385	-0.25595987
-0.14442441	0.07811978	-0.32532585	-0.2368853	-0.0029840306	-0.3788674	-0.08126046	-0.21189101	0.21335503	6.682422E-4	0.12116566	-0.18430568	0.10677163	0.3368129	-0.26966867	0.21184413	-0.2466822	0.019334102	-0.07268745	-0.23535019	-0.071791515	-0.14374761	0.09280534	0.22533335	-0.077004544	0.081844755	0.2967476	-0.107992545	-0.2603598	0.16704746	-0.25496757	-0.17933278	0.14924233	0.09699651	0.3246902	0.1673988	0.13894938	0.116566904	-0.25790203	-0.32634246
0.12704076	0.18882686	0.12710677	-0.28580135	-0.059685465	-0.18493858	-0.1660403	-0.11314647	-0.2230001	-0.10413249	-0.18665949	-0.3207398	0.07678183	-0.1260027	0.20501943	-0.054731723	-0.004702772	0.12886621	-0.03744732	0.24240907	0.2346953	-0.14356709	0.24260253	-0.11030385	0.24824873	0.14920866	0.17059465	0.021936886	0.021670312	-0.26905414	0.17278099	-0.28921384	0.122673534	-0.29020134	0.32430905	0.25654566	0.27638426	-0.10457221	-0.13982049	0.30073768
-0.06864695	-0.25037867	-0.24471687	-0.38013598	-0.26237214	-0.260037	-0.29480523	0.15673557	0.007236306	-0.020320464	-0.3591748	-0.21296346	-0.28869206	0.23020567	-0.3125514	0.059968375	-0.25361538	-0.12137882	0.22669482	0.049690586	0.21846166	-0.041809943	-0.13713105	0.024837913	0.301922	0.31400627	-0.1214905	0.13945663	0.31460598	0.20539515	-0.1444128	0.22542964	0.20526834	-0.2153192	0.20598568	-0.17819172	-0.19283625	0.17434654	0.11893588	0.20904113
0.07483833	-0.27928752	-0.07324661	-0.40460715	0.106790125	0.09041062	0.048338175	-0.2986679	0.17404868	0.099199325	-0.021346757	-0.35701668	0.35405612	0.05130703	0.27634296	-0.25858864	0.09606329	-0.2887763	-0.037752606	0.28094906	0.03184142	0.36645105	0.040718887	0.23922403	-0.032521773	0.2807338	-0.26123884	-0.19438876	-0.011997877	0.09917666	-0.3521993	-0.10995532	-0.37314364	0.13338104	0.048083246	-0.28024003	-0.39503235	-0.1270179	0.0984408	-0.30000055
-0.05702685	-0.2318725	0.17018126	0.17214891	-0.10010168	0.21344523	-0.21365508	-0.36797914	-0.015927214	-0.11343254	-0.26937455	-0.004601821	0.07130141	-0.20253167	-0.23729053	0.013693928	-0.23350196	-0.10191629	-0.33902285	0.098555334	-0.27051672	-0.32084697	-0.25548688	-0.24697316	0.030524435	0.25066072	0.22355787	0.21905273	0.25152138	0.17355406	0.29089648	-0.14166021	0.18122804	0.1903579	-0.09393627	0.21333537	0.101725176	-0.060563255	0.13274455	0.26941192
-0.18762317	-0.14921185	0.23620841	0.055754658	0.14789408	0.21019459	0.29560924	-0.2927094	0.26381218	0.10570653	0.061543375	2.3237104E-4	-0.12704487	0.2417686	0.292775	-0.29625246	-0.021699568	0.06945933	0.01072014	-0.16748287	-0.13068433	-0.12750757	0.16985904	-0.31155053	0.29943672	0.09482312	6.883601E-4	-0.36887717	-0.014881634	-0.4064283	0.041497193	-0.34082553	0.30183846	-0.22904173	-0.24682155	0.17900464	0.21315035	-0.2154655	-0.106112435	-0.19989279
-0.06580205	0.13757806	0.18103768	0.24919507	0.12387874	-0.08455515	-0.18005109	0.023515942	-0.2012126	-0.091996826	-0.19465865	-0.17943108	0.10176541	0.23777509	-0.19640023	0.15876621	0.24915832	-0.29607967	-0.34157816	0.13071893	-0.03198744	-0.056491554	0.12763217	-0.20675163	-0.010848689	-0.040316656	-0.15298228	-0.12746829	-0.19294609	-0.063256145	-0.14639041	0.33377862	-0.048242655	-0.048254624	-0.300982	0.2304406	0.14411002	0.28907838	-0.008090345	-0.14913085
-0.21792144	0.27791408	0.24559039	0.14142837	0.21938555	-0.18528064	-0.3011295	-0.31317723	0.09176406	0.2954288	0.20578776	0.07576641	0.03993871	0.16495769	-0.304316	0.17020442	-0.20496139	0.019013025	-0.18491016	-0.23778278	-0.42534786	-0.12276646	0.028569318	-0.063499056	-0.2174802	0.21821816	0.25433528	-0.3506986	0.14014804	0.11351988	-0.32806534	-0.23889513	0.26238447	-0.15453385	0.045242563	0.15866262	-0.34005037	-0.46527582	0.2213129	0.14958021
-0.270906	-0.15775505	-0.2076194	0.1352579	-0.28919896	-0.25845218	0.03898102	0.2942566	0.20825516	-0.16478418	-0.21097882	-0.004247862	-3.8228527E-4	-0.27798915	-0.09230505	-0.24379213	0.25252032	0.20314546	0.2678567	0.26737335	-0.22088513	0.19297002	-0.074271135	-0.09497175	-0.1941953	-0.3437651	0.34051415	0.1575784	-0.34844834	0.066510834	0.25098157	0.004696914	0.29909602	0.26344156	-0.22416934	0.27956498	-0.3310168	-0.11365703	-0.056620546	0.2227199
0.21672758	0.087285645	0.112496436	0.04494925	0.2899466	0.2830617	0.02336776	0.02672652	0.31562856	-0.19542232	0.28501052	0.24209063	0.048838574	-0.027077205	0.36740515	-0.28607252	0.06581203	0.18066043	-0.13967392	0.06094157	-0.33185732	-0.0654338	-0.24907158	-0.1770845	-0.02284914	-0.07585153	-0.34848496	0.1659319	-0.49491483	-0.120946996	-0.27093476	-0.02189904	0.31568348	-0.24233434	-0.40271217	-0.15432952	-0.18648875	-0.06323495	0.11086409	-0.31110412
0.069760576	0.30055135	0.055388354	0.3553853	0.05334706	0.1628905	0.33562577	0.048574504	-0.106821164	0.21609662	-0.18316452	0.19555202	0.2919608	-0.2405644	0.3542612	0.027847126	0.13666596	0.23979618	-0.15635115	0.32769895	0.20459436	-0.19382206	0.0937821	-0.5062826	-0.15933233	-0.52211434	-0.16552562	-0.006904073	-0.4609401	0.055476647	0.20810154	-0.20927984	-0.20822275	-0.07263984	-0.015834436	-0.24459648	-0.009000095	-0.26897603	-0.06709859	-0.3610335
-0.18684152	-0.1486845	-0.093934916	0.06954302	-0.34720534	-0.076704435	0.27413616	-0.23120156	-0.0064039216	0.044020798	0.017041942	-0.1621668	-0.2421559	0.25350758	-0.06354056	-0.13560165	-0.28669766	-0.104784496	0.045595147	-0.19639792	-0.2027236	-0.0048382366	0.07081197	0.2144751	0.13820168	-0.12640049	-0.037545085	-0.26169184	0.29812244	-0.26124284	0.15214904	0.2530019	-0.024321342	0.15683624	-0.18970892	0.23894645	0.07976561	0.027400153	-0.29059976	-0.005892449
-0.088187724	-0.28702164	-0.31343627	-0.21856697	-0.36508095	0.16748169	0.17736027	-0.10214391	-0.14319198	-0.0036503938	0.10660395	0.036357574	-0.15222093	-0.054587673	0.3168144	0.24399081	0.12289528	-0.21498042	-0.1784378	0.3134178	0.0114366105	0.14072703	-0.22821608	0.088403836	0.22623402	-0.103207804	0.19528227	-0.16048329	-0.030649552	0.16223723	0.07785212	-0.20969248	-0.113483876	-0.06936809	0.07377772	0.27690813	-0.29434478	-0.27758497	0.07949631	0.24211815
0.17173994	-0.22535403	-0.09664297	0.103445	0.119842365	-0.2680347	0.10631341	-0.36722812	-0.26564983	0.24760626	6.5168634E-4	0.04315609	0.073475055	0.059530772	-0.14866203	-0.06557261	0.18817219	-0.30115524	-0.11174039	0.12487568	-0.24092712	0.27235872	-0.17032993	-0.2781028	0.028592547	-0.073974274	0.21805693	0.08173436	-0.17396165	-0.021511858	0.09556997	0.29302844	-0.19104965	-0.26351014	-0.13421094	0.12307498	-0.18638994	0.3067736	-0.3621539	-0.1494236
0.22510974	0.255463	0.25641948	-0.08961842	0.13742433	0.30366096	0.0094996365	0.049509484	0.064822204	-0.10922304	0.24596648	-0.10726427	0.13869156	0.021915114	0.15263164	-0.20502874	0.033962585	0.1800577	-0.22347191	0.17997631	-0.2869828	-0.15111642	0.33132064	-0.3203437	-0.39617044	0.13145345	-0.39352798	-0.30130863	0.20720401	-0.42302078	-0.1642116	-0.45037857	0.030634752	-0.26740777	-0.3736389	-0.034132753	-0.33329517	0.26642224	0.019522443	-0.38963974
-0.36589205	0.010996859	-0.057378773	-0.2010807	-0.36304998	0.17184496	-0.2774374	-0.30768	-0.18279609	-0.3657515	-0.16207574	-0.27209458	0.0094633335	-0.16654629	0.23709877	-0.04228744	-0.045940693	-0.062598586	0.19286858	0.080098875	0.16412155	0.15448308	0.09325425	0.12864144	-0.31180725	0.158474	0.12993446	0.34335938	0.16749164	0.2207013	0.29599187	0.012939264	0.14852498	0.050368205	0.25500172	0.26054654	-0.18556088	-0.0889744	-0.2613365	-0.26956773
0.26555556	0.07247331	0.27244514	0.07869231	-0.117916435	-0.03729027	-0.1758902	0.22039427	0.34399483	0.1621614	0.006977354	0.25708026	0.08841962	-0.21510342	-0.16621077	0.2594809	-0.062623076	-0.29161745	0.18981221	-0.19604	-0.40661886	-0.17960192	-0.28159598	0.3543027	-0.50147396	0.042702284	-0.29418725	-0.07618114	-0.055500854	-0.30594295	-0.12199814	-0.40441412	-0.45290676	-0.17830072	-0.14919554	-0.31533086	-0.27306762	-0.47058204	-0.00854915	-0.22141029
0.06501749	-0.1463813	-0.32669473	-0.22261097	-0.22419637	-0.17829663	-0.14948067	0.20380822	-0.22056733	0.03680888	-0.049809836	-0.086781286	-0.14174697	0.16048403	-0.05627062	-0.2232375	0.21122313	0.27335352	0.23334907	0.16505131	0.14863501	0.2531	0.15475358	-0.0703425	-0.34674838	-0.34300196	0.12591177	0.25484717	-0.13824257	-0.15390784	-0.038025193	-0.13076556	-0.1656364	-0.036097948	0.27587742	0.20080481	-0.1665317	-0.32242364	-0.1505007	0.06922942
-0.24235325	-0.04119458	0.030614782	-0.22677583	-0.20533805	0.21325454	0.17864937	0.24968554	-0.05070787	-0.2781743	-0.4014743	-0.01732343	-0.21067265	-0.1252097	-0.092643484	0.24975449	0.20360567	0.1599445	0.26912352	-0.14348108	-0.242737	-0.08656789	-0.1836906	-0.3551562	0.23491788	0.021346306	0.25709966	-0.32169095	0.29992977	0.23488788	0.18391913	-0.008799589	0.29086173	0.19081393	0.05201905	0.12683822	0.09477396	-0.11570338	0.09801531	0.28735238
-0.24209656	-0.14360245	0.28139848	0.021110963	0.0429075	0.010047487	-0.32423285	-0.2678018	0.16354425	0.08333602	-0.040998627	0.348098	-0.024413515	-0.15958726	-0.3831925	-0.2925123	0.37581387	0.11292536	-0.12743682	0.14562021	-0.021807915	0.07935994	-0.3427505	0.30256462	-0.23408273	0.36022586	-0.12133438	0.066982485	0.15699585	0.0737563	0.17615668	-0.014603713	-0.34456238	-0.061512876	-0.26516694	-0.3284171	-0.26716232	-0.48552352	0.30994996	-0.047662966
0.36780268	0.1511128	0.21087797	-0.098262295	-0.18762918	-0.014185379	0.08421888	0.17418727	0.3438791	-0.23006989	-0.12077884	-0.17692061	0.33209187	-0.31085432	0.2840919	0.08304426	0.34877482	0.27086213	0.31454527	0.08193358	-0.5015352	0.2849534	-0.14852911	-0.40238968	-0.040089943	0.23374517	-0.54333884	-0.22639802	-0.026330061	-0.014111346	-0.37695885	-0.34099922	-0.3208111	-0.22034568	-0.33973995	-0.40732074	0.06160113	-0.052799303	0.12148892	-0.32800364
0.0028320493	-0.16572192	-0.25955746	-0.2681956	-0.118656375	0.25269973	-0.06030032	0.21399163	-0.09638743	-0.2551343	0.023285838	0.03086855	-0.19575909	0.046013195	-0.20250165	-0.050743718	-0.44839638	0.18986161	0.25150552	0.25338513	0.2566017	0.20783608	-0.3228549	-0.19180746	-0.08250091	0.23997544	-0.10113343	-0.16834195	-0.1767262	0.2591738	0.06624616	0.22668931	-0.27697086	-0.285126	0.26329628	0.1882054	-0.09550998	0.13954858	-0.26167265	0.12917417
0.21051231	-0.26528755	-0.012358124	0.12597312	-0.36645874	0.30485228	0.08154714	0.111466944	-0.061991725	0.06326288	-0.118682064	-0.17069386	0.0069833347	0.12074698	0.38030595	0.3190572	-0.25817606	0.13324696	-0.10286835	0.11527215	-0.39121127	-0.11847161	-0.31710738	-0.18542704	-0.38469198	0.026113588	-0.27973905	0.068168685	0.22642004	0.30010286	-0.2015106	-0.074093886	0.057342418	-0.034107484	-0.2761944	0.06998368	-0.37214532	0.06997697	-0.26866674	-0.14002913
-0.27130884	0.12993516	-0.3175168	-0.012334663	-0.12402321	0.020287583	-0.26115596	0.1548398	0.06275688	-0.1439119	-0.22690088	-0.10352448	0.09176282	0.24477689	-0.16152817	-0.20546962	-0.0729638	0.061380472	-0.22689441	-0.16985618	0.24914224	-0.05521784	0.20519768	-0.12327002	0.118698195	0.22265193	0.055895746	-0.0112770535	-0.06632778	-0.28809872	-0.2268823	0.024728874	-0.26497	0.03486218	-0.26021445	-0.009368169	0.32360035	0.27073482	0.20368215	0.29035026
0.02013567	0.14468764	0.27146074	-0.046852663	0.26089507	0.16167124	0.37927148	0.16642345	-0.017271562	0.12422666	-0.20648535	0.2749419	0.06331732	0.023809113	-0.12126141	0.09883614	0.25131235	0.21722129	-0.16604778	0.3175517	0.14607888	-0.26754853	0.3207751	-0.20534937	-0.24968028	-0.039144885	-0.12591855	-0.4263102	-0.19667825	-0.32017225	-0.40168533	-0.44769922	-0.33397716	0.18050005	0.15915744	-0.37954238	0.10198186	-0.032795116	-0.057505958	-0.2798427
-0.3300476	-0.26281187	-0.1348244	-0.27713212	-0.03649935	0.24310677	-0.21387085	0.034864463	0.10315897	0.14129503	-0.32348633	0.2301982	0.13193183	-0.1164484	0.14035414	0.0056462083	-0.21399723	0.20218138	-0.06882748	0.111820266	0.27965325	0.23184451	-0.27092427	-0.052006375	0.044880647	-0.2698553	0.09186416	0.14278294	0.0766193	0.22463046	-0.16010642	0.27868032	-0.08299028	-0.112174936	0.2083558	-0.33656508	-0.05832653	-0.13409732	-0.029588219	-0.34832087
-0.29105768	-0.03909287	-0.2633762	-0.33492798	-0.104284264	-0.121122435	0.07165666	-0.01781961	0.17165878	-0.27244338	-0.011644058	0.1511564	0.022331756	-0.28250194	0.14082202	0.18514968	0.09758839	0.072265625	0.23999164	-0.17026548	-0.30713195	-0.05026417	0.09911653	0.21505445	-0.36202806	0.1771771	0.020679543	-0.19737506	0.3527952	0.020107264	0.13233899	0.08969222	-0.0061986833	0.21831372	0.18624924	0.28657362	0.18264897	-0.18666913	-0.33370587	-0.18155463
-0.045702137	0.1547098	-0.059798017	0.049952682	0.2577631	-0.34703615	0.12895149	-0.1220323	-0.04105086	-0.2594707	0.24987999	0.05929109	0.13038436	0.09623284	-0.18787909	-0.1500537	0.09394052	0.17532517	0.014576332	-0.013916321	0.028656194	0.34188268	-0.067205675	0.27368054	0.14964135	0.07858909	0.23246937	-0.22788005	0.1621307	0.016783029	-0.29985332	0.01896481	-0.35864273	-0.29928014	0.006518572	-0.46333808	-0.44276217	-0.3889624	0.12073451	-0.31840622
-0.2050915	-1.9883737E-5	-0.056168072	-0.27853486	0.078524776	0.30531222	-0.1446919	-0.01949134	-0.18528672	0.21428008	-0.023309808	-0.19546358	-0.028217256	-0.033756442	-0.23803353	0.016846625	-0.20137517	-0.19845504	-0.20000304	0.15750726	-0.37573302	0.082487255	-0.42818847	-0.12397049	-0.15840176	-0.053193904	0.2784373	-0.27677095	-0.32418847	0.19557714	0.19296114	0.12965994	0.08014534	0.27754593	-0.2036402	-0.24048965	-0.41594958	0.0999925	0.3413663	0.25349364
0.008884276	0.1411928	0.032949354	-0.010319319	-0.2449192	-0.05852719	0.15525696	-0.25090197	0.18963996	0.19648834	0.27731782	0.18398654	0.124263644	0.13093284	0.007027532	-0.055172775	0.25165343	0.26281953	-0.112183265	-0.03665279	-0.029811129	-0.22502	0.34914762	0.044267707	0.2796459	-0.20943724	-0.16344601	-0.39903843	-0.36689702	0.16194135	-0.30858377	-0.46621266	-0.52638614	-0.23412175	-0.44301638	0.24076657	0.28394955	0.11487981	0.040938124	0.30499443
-0.16381645	-0.3494714	0.16996425	-0.2517554	0.067452915	-0.32289776	-0.21361545	-0.19007757	-0.3309128	-0.26434803	-0.05631117	0.22650504	0.24225385	-0.24463025	-0.05635689	0.20207891	0.15464346	-0.11606078	-0.022141831	-0.15998447	0.17080489	-0.21196283	0.14945766	-0.24472818	0.19149864	-0.18329994	0.072233155	0.24112892	-0.088028155	0.043483447	0.0934075	0.18494874	0.2375907	0.017961001	0.2848318	0.08825152	-0.19259109	0.2396886	-0.14668673	0.15640517
-0.160223	0.18493453	0.12192004	-0.036231767	0.22506306	-0.016392047	0.09586634	0.2655198	0.2588751	-0.08761724	0.25782052	0.21661535	-0.07821644	0.16385119	0.03148195	-0.1792981	-0.24486934	0.16512005	0.16569084	-0.024291016	-0.2288437	0.023847649	-0.086330004	-0.28405932	-0.49394783	0.08894837	-0.15278165	-0.45651814	0.2752812	-0.29148397	-0.44960666	-0.3109043	-0.45963913	-0.35018617	-0.036998246	-0.34891677	-0.28635427	-0.45404437	0.16480373	-0.13473892
-0.20634256	-0.21351491	0.015942149	-0.32792738	-0.29112965	-0.21346462	0.2652754	-0.16670358	0.21956366	0.22034061	-0.28364724	0.13243525	0.07114888	-0.2591365	-0.0113214245	-0.1979308	-6.2421546E-4	-0.1232783	0.18047567	-0.156389	-0.12427634	-0.1122088	-0.14672367	-0.04860806	0.23394148	0.23345616	0.2556077	0.17907508	-0.018106507	-0.2734323	-0.181509	0.19330531	-0.21454519	0.16903305	0.06987704	-0.10729747	-0.22457497	-0.20525649	0.22863594	0.23488216
0.13180472	-0.07895833	-0.13017523	-0.31830463	0.17944025	-0.07191889	0.43734318	0.22182634	0.047435705	0.31640637	0.06807714	0.03843771	-0.06978482	-0.16870825	-0.1057959	0.331557	0.40488416	0.11487858	-0.24466103	0.07927146	-0.32572258	-0.18473397	-0.38465646	0.25965095	0.062767945	0.11740761	0.21091874	-0.15948655	-0.17525198	-0.13870177	-0.10493407	-0.27019218	0.05146831	-0.3570638	-0.34993258	0.1945472	-0.13022557	-0.29678866	-0.22030239	-0.37829217
-0.22328408	0.12521125	0.109814264	0.15248664	-0.14415012	-0.29004866	-0.25763083	0.1518147	-0.31237286	-0.1939643	-0.2315522	-0.036010154	-0.33534992	0.18238054	-0.2455322	0.096358776	-0.10429506	0.13737898	0.062608644	0.061781287	0.249258	-0.08385354	0.3032606	0.04729667	-0.2848694	-0.11895127	-0.10676709	0.30385837	-0.2937353	0.21288401	0.18256012	-0.018920466	0.23260896	0.22415933	-0.08342156	0.1068793	0.19501054	0.1944654	-0.3243433	0.18782535
0.050050385	0.021907238	0.15894832	0.16807993	-0.40327188	-0.2695548	0.14987227	0.33126894	0.101874195	0.16122986	0.23055388	-0.056223884	-0.18206957	-0.1936168	0.2801832	0.01629314	-0.2666708	0.21995696	0.14471538	0.06834258	0.26704848	-0.12721223	0.014237059	-0.16041125	0.09706144	0.030604353	-0.3909805	-0.4148449	7.791114E-4	0.25674337	-0.3182776	0.0030508835	-0.47727212	0.028304428	-0.043029707	-0.022067005	0.050736815	0.0392161	0.2569074	-0.03967932
-0.010331545	-0.2596577	-0.08146902	-0.40397915	0.049993843	0.09992934	0.20110738	-0.14209402	0.20847908	0.20016123	-0.18414421	-0.30875266	-0.069905095	-0.14891689	-0.34579867	0.09538646	-0.35386375	-0.25027937	0.18721543	0.19072996	0.21722235	-0.28294462	-0.34070626	0.26131323	-0.34594518	-0.14874938	0.22908594	-0.15104765	0.20021324	0.26631	0.05411657	0.30498815	0.03865882	0.11612574	0.12647808	-0.054583035	0.040426016	0.2798433	-0.036936454	-0.047753196
-0.25121978	-0.23441854	-0.16620731	0.033359434	0.34723473	0.052192952	0.36920708	0.05523325	-0.021414734	0.35623208	0.11650875	0.35578614	-0.10942494	-0.2600588	0.15636761	-0.07137704	0.2640188	-0.08928299	0.20803045	0.2428911	0.055688005	0.05892066	-0.23726468	0.036615144	0.30766648	-0.17134824	-0.37767565	-0.31083262	0.036216635	-0.35544726	0.19387537	-0.35384473	-0.36989206	-0.16829759	-0.13455893	-0.1277074	-0.049022783	0.23149092	-0.24285716	-0.3931686
-0.3236235	0.036570895	-0.09136725	-0.23568846	0.27331716	-0.29582986	-0.3264943	0.1394631	-0.16488487	-0.11832208	-0.23274383	0.09399371	-0.15020433	0.034081537	0.12654044	0.0698115	-0.11730472	-0.17194332	0.14019841	-0.0467337	0.149819	0.28711185	-0.024271742	0.28948957	0.30888274	0.34292212	-0.15927012	0.26333293	0.1223485	0.23852977	0.13022679	-0.105540015	0.0010847407	0.2542182	-0.22857651	-0.44310567	-0.13775009	-0.44343576	0.06692333	-0.31177998
-0.047447313	-0.25470588	0.035562746	0.25312155	-0.09558637	-0.0485805	0.07804368	0.08353831	-0.26793784	-0.09018028	-0.04825371	-0.14352475	-0.25402158	0.23357017	0.018524151	0.05851421	-0.27779952	0.24420905	-0.14366595	0.063054144	0.17410216	-0.023499433	0.22784993	0.22693804	-0.14423575	-0.040369924	-0.19504207	-0.25011253	0.31630218	-0.18660544	0.23029579	-0.33657855	-0.04503925	0.12192679	-0.18702088	-0.2142959	0.33050203	0.30566224	-0.16808635	0.084115475
-0.32156023	-0.35914025	-0.2013376	-0.22077459	-0.26505664	0.17342415	-0.1803846	0.18124585	0.1960865	0.17937008	0.015871733	-0.057932854	0.23468982	-0.35243914	0.20168139	-0.04022689	0.2937084	7.63476E-4	0.08241786	-0.16711156	0.18984179	0.20617892	0.21879978	0.14278308	-0.0892675	0.22951159	0.18948781	-0.33692408	0.25722823	0.16496836	-0.34943274	0.06423739	0.074398614	0.24626993	-0.19795457	0.21395868	-0.008394799	-0.4462386	0.08109503	-0.25859743
-0.2962983	-0.13261437	0.08558355	0.24180427	0.18329197	-0.21022965	0.06937208	-0.05372305	-0.0900916	-0.12442528	0.09540648	-0.32187366	0.01907337	0.2303227	-0.3305404	-0.014785441	0.17776425	0.21610111	-0.03667406	0.1211924	0.123178914	0.07671232	0.2546636	-0.34306216	0.06020039	-0.29004082	0.25026536	0.26494762	-0.03060756	-0.17298226	-0.13449866	0.10078431	-0.3764435	0.053270955	-0.41698426	-0.089164294	0.034069195	0.25764176	-0.0665829	0.3134819
-0.056192357	0.25218037	-0.35497501	-0.32516304	0.11250096	-0.005071705	-0.2738918	-0.3181012	0.108885236	-0.10886615	-0.07377647	-0.027282784	0.044663996	0.15368545	-0.038043424	-0.37281027	-0.31747943	-0.04519035	-0.39165547	0.033769213	-0.16117142	0.16509148	0.07392199	0.071822755	-0.17286447	0.17035677	0.24485596	-0.09950248	-0.12335265	0.13735813	0.27805376	0.1552644	0.17133778	-0.20667538	0.112516075	-0.0207765	0.24294925	0.042356763	0.07293317	0.23074174
0.0661256	-0.20358221	-0.09761182	0.31160742	-0.1850361	0.007924514	-0.1483642	0.22515784	-0.0704725	-0.10052642	-0.30257612	0.008221645	-0.14695704	0.1040533	-0.25325593	0.011878362	-0.050173625	-0.20945115	0.270253	-0.21916932	0.10068028	0.12878418	0.17157295	0.28248328	-0.09006966	-0.11171721	0.043905053	-0.0034453368	-0.028976949	-0.38205713	-0.14809152	0.09336347	0.2849017	-0.35942295	-0.33354774	0.07352546	-0.085900016	-0.010669298	0.1816831	-0.20539786
0.20047419	-0.013871103	0.033041935	0.24086624	-0.03947181	0.21545108	-0.19183742	-0.026164427	-0.1097546	0.29854074	0.0030791243	-0.18299218	0.03275687	0.2037749	0.29144317	0.13033453	0.041393004	-0.080479205	0.27356297	0.16244385	0.23626605	-0.2555899	-0.20899357	-0.359906	-0.2688769	-0.015939124	-0.10937312	-0.30583474	-0.39728165	-0.036811568	-0.0092720445	-0.21935536	0.07292851	-0.27172425	0.17048106	0.16209814	-0.3506284	0.22227451	-0.30134058	-0.14071369
0.058964808	0.0666028	-0.22825682	0.21897335	-0.23674133	-0.028886601	0.17694284	0.059949465	-0.12914869	-0.26745304	-0.018058188	-0.274721	-0.012109106	0.05683249	0.19118103	0.10881823	-0.192093	-0.2818808	-0.25574145	-0.16685438	-0.044527065	0.0063199922	0.08893583	-0.3568783	0.054046877	-0.33550054	0.22575314	-0.25139093	0.1378158	0.27357844	0.26468536	0.17378038	0.27177912	0.13542208	0.0102704	-0.26786298	0.051546548	-0.10791808	-0.17467932	-0.18222307
0.31164995	0.2815632	0.026340198	0.19816464	-0.18689023	0.19977038	0.33303928	-0.11723992	0.08765763	0.2102107	-0.25037783	-0.2164449	-1.3613561E-4	0.32476032	-9.800387E-4	0.12967503	0.0632016	-0.1582526	0.047376797	-0.26192218	-0.27030775	0.30261144	-0.24776497	-0.0068397066	0.314438	0.24585065	-0.37642708	-0.07907559	-0.31867224	-0.39173672	-0.22221787	-0.3317612	-0.10763464	-0.36554483	-0.11389889	-0.104969226	-0.18827847	-0.4205275	0.1534442	-0.31219405
-0.33958527	-0.1557374	-0.36151218	-0.34909672	0.22271307	0.07904846	0.37858355	-0.058937784	0.095242016	0.21775624	-0.18260284	-0.042613193	0.27619824	0.38786563	0.011007298	-0.07804646	-0.1534456	-0.2359722	0.2594284	0.056861524	0.2992695	-0.14527784	0.21400274	0.021161988	0.2051757	-0.026220217	0.16435672	0.21767557	-0.30046147	-0.17288391	3.1045734E-4	0.17045814	-0.28960425	-0.14945571	-0.3036313	-0.45348805	-0.45492995	-0.18522243	0.123302475	-0.047920413
-0.07636742	0.16473103	0.2604661	-0.1582839	0.20301814	-0.23319046	0.11851326	-0.32815722	0.20353852	-0.24556212	0.26405644	0.28381416	0.14550412	0.10779307	-0.25719604	-0.35090464	-0.0030850782	-0.36582032	-0.02983522	0.069513045	-0.21959704	-1.6994844E-4	0.068805896	-0.17260575	0.20696458	0.25666443	-0.03976903	-0.14918391	0.2248497	0.21084575	-0.06410826	0.1563198	-0.23610425	0.03122328	0.29666218	-0.23522142	0.20346998	-0.008058045	-0.20225935	0.16357161
0.07943514	0.17793621	0.005400529	-0.08298919	0.17219412	-0.09666297	0.2489702	0.071439855	-0.1279779	0.31860533	0.25555164	-0.026021114	0.08353742	0.2940747	0.18686739	-0.18948707	-0.27711436	0.005190258	-0.022870708	-0.15461968	-0.26476213	-0.26650584	-0.14826502	-0.33704257	0.018870138	-0.42682615	-0.20990308	-0.37090126	-0.34065023	0.036620807	-0.030065736	-0.41319463	-0.23703918	0.20659377	-0.243171	0.043606143	-0.3098442	0.27162006	-0.25644276	-0.2624082
-0.36793894	0.06329951	-0.020127134	-0.2314177	0.090261385	0.18141817	-0.28688136	-0.20623305	-0.2625988	-0.10519632	-0.06424117	-0.32114974	-0.14810617	-0.39012137	-0.112640366	0.033961177	0.078751005	0.01945973	0.21662727	-0.052461993	-0.13131906	0.0066493656	0.090411395	0.031423938	0.27292106	0.24254619	-0.034442693	0.09741991	-0.18484326	-0.04322947	0.14828223	0.030950978	0.09822033	0.24809259	0.015101909	0.26761952	0.21365425	0.15746403	0.27156615	-0.18914147
-0.035870787	-0.2273455	-0.41667527	-0.011791643	-0.36277452	-0.1371639	0.18785277	0.04765518	-0.25953266	0.2136408	-0.18916048	-0.17500024	0.015370901	-0.26501465	0.103457905	-0.014782232	0.17739862	-0.11167997	-0.30017644	-0.15260528	-0.19353804	0.2004382	0.14158435	0.15899761	-0.35828125	-0.29819292	0.2236093	0.091201976	0.06692877	-0.0616914	-0.060817942	0.13215886	-0.09869705	0.19616428	0.26480755	0.1512953	-0.046678483	-0.016939018	-0.07098488	0.24405077
0.2963369	0.28984395	0.3041795	0.17762055	0.2714659	-0.021640746	-0.34871006	0.17143601	-0.018654652	-0.123383254	0.17882122	0.12474881	-0.082216665	0.2396338	-0.40026277	0.065549925	0.23385778	-0.3518806	-0.27753764	0.2352492	0.32308	0.08965004	-0.42173675	-0.2893537	0.21806373	-0.020985743	-0.27496704	0.13535577	-0.29089418	-0.20349696	0.25122008	-0.14127062	-0.34687755	-0.006522788	-0.28220206	-0.41214433	-0.06561431	-0.34315312	0.086870156	0.15935804
0.05942568	-0.22146016	-0.29690275	-0.2587823	-0.278449	-0.21018477	0.15243329	0.141502	-0.18807776	-0.1688691	-0.12936185	-0.15326716	-0.23571539	-0.18000428	-0.25888947	0.043858234	-0.058691993	0.04464316	0.07276129	-0.1607085	0.29715177	-0.052630987	-0.109695956	0.24941212	0.17491154	-0.15430094	-0.0042172824	0.19220638	0.13882391	0.07063359	0.2730291	-0.0021838367	0.22107673	-0.22368333	0.23135677	-0.36814973	-0.16121405	-0.24756071	-0.17637372	-0.3980103
-0.060284693	-0.022158999	0.029360268	-0.09610523	0.22259971	0.027744671	0.1337907	-0.14640583	-0.011160029	0.24745265	0.10995119	-0.10793426	-0.06603566	0.0757565	-0.22595376	-0.26745364	-0.30782613	-0.04737004	-0.19224468	-0.4155527	0.059648693	0.12942286	-0.33379403	0.22446315	-0.14498271	0.16091697	-0.09588666	-0.12846659	0.31328514	-0.2741161	0.30304646	0.35699943	0.19644351	0.24355622	0.07851458	-0.004621368	-0.28586662	0.2077185	-0.06949489	-0.2725082
0.122149415	-0.08686471	0.0073283175	-0.09787768	0.24717045	-0.0114016365	0.31790635	-0.15563296	0.22751316	-0.10844127	-0.23524144	-0.058297295	0.15948607	0.39055014	0.3298304	-0.3347802	-0.17551807	0.2776752	-0.022725858	0.21062848	-0.34946305	0.11632868	-0.20823014	0.28897592	-0.10201787	0.15947151	0.07286421	-0.2542341	-0.24963458	-0.07306146	-0.15375236	-0.016474398	-0.079024985	-0.16316633	0.077535115	-0.0101845665	-0.08575484	0.048878334	-0.28360802	0.20818317
0.15409738	-0.052353907	-0.02792527	0.3183799	0.20113245	-0.3176625	0.08998158	-0.16162404	0.21071616	0.29215822	0.16419001	0.26049274	0.33749145	0.29364425	0.22696891	0.15506287	-0.17139012	-0.0043448433	-0.20010233	-0.22666468	-0.24116121	0.004122421	-0.38917786	0.34086743	0.048906602	0.30281404	-0.1910548	-0.108559534	4.1617165E-4	0.25203392	-0.2081488	-0.48726362	-0.06993687	-0.13059439	-0.4070858	0.043938253	-0.3990664	-0.11245344	0.066208966	0.15160216
-0.0023733901	-0.2842568	-0.23912832	-0.36435124	-0.4379396	0.11934784	0.09688775	-0.20236066	5.933108E-4	-0.0853601	-0.2234492	-0.3636877	-0.28104097	-0.17823352	-0.10356619	-0.13669677	-0.13397285	-0.07943865	-0.3473051	-0.0051508173	0.29106608	0.20215	0.21158428	-0.22308612	0.31786916	-0.04821348	0.0676491	0.07231595	-0.037611138	0.09084379	0.10271912	-0.042536575	0.18316036	-0.21769795	0.21402924	-0.08336698	0.15490897	0.2826152	0.04488385	0.26880306
-6.4430316E-4	-0.27189097	0.24915887	-0.21302448	-0.3458534	-0.06660651	0.26869866	-0.2498781	-0.2885105	-0.2903705	0.18939637	-0.045408342	-0.040207032	0.15598078	-0.077565625	0.17847101	0.087244384	-0.17677183	0.19629692	-0.034375496	0.28769308	-0.09280502	-0.20392977	-0.17783406	-0.057705726	-0.3115893	-0.18956536	-0.22919466	-0.15652306	0.21696255	0.110156946	-0.13338335	0.18844149	0.15250267	0.14467277	0.21221241	0.054875266	0.3165365	-0.2857322	0.1977832
-0.28222346	0.248698	-0.07516468	0.04216088	0.15762885	-0.20949382	-0.3481771	-0.32930624	-0.30965465	-0.13490163	-0.095364034	0.020751454	-0.004912791	-0.25780356	-0.041842785	-0.0031165164	0.014873406	-0.13237627	-0.39229417	0.26062363	0.014422688	0.15172447	-0.014559339	-0.16202602	0.08565675	-0.43364432	0.12420308	0.15721144	0.17216422	-0.3371321	-0.22287148	-0.14861101	0.09739984	0.24359374	0.24141659	0.26239803	0.2927001	0.017158797	-0.11314097	0.012053594
0.017554801	-0.08674273	-0.13258065	0.29644242	-0.13867426	-0.0016485768	-0.09961622	-0.15474401	0.0826866	0.05464783	0.14417206	0.3040002	0.26557383	-0.21540049	-0.23584431	0.06187077	0.09639172	-0.22484511	0.06367439	-0.14817344	0.37084243	-0.1434556	0.16127706	-0.16698737	0.060234096	0.17377645	-0.002405163	0.005323148	-0.04915723	0.042461507	-0.29672268	0.17729683	0.29884204	0.28367168	0.034986313	-0.3254031	-0.36087337	-0.12870175	-0.25556687	-0.31620044
0.24535003	0.114526585	0.10440601	0.17414981	0.30080292	-0.10009283	-0.072942466	0.22825532	0.33893335	0.037482135	0.10524684	0.07374322	-0.1772761	0.16606934	0.09141809	0.16988085	-0.18439242	-0.14786442	-0.32830638	-0.37678376	0.09468903	-0.21696672	-0.12072628	-0.17734309	-0.008880978	-0.14367683	-0.18514413	-0.29542935	-0.30446193	0.0015474642	-0.18120168	0.13493817	-0.028043952	-0.32585955	-0.20225637	-0.4404697	-0.120803826	-0.43187886	0.09611404	0.20913896
0.17873232	-0.13059208	0.26098132	0.1731093	-0.18526968	0.22259124	0.03476411	-0.046238527	-0.09235297	0.23566024	-0.044861563	0.26595628	0.2859219	-0.07109684	-0.054571763	0.048388824	0.3357889	-0.27056783	-0.06646375	0.15428913	-0.33096552	0.043643024	-0.21961641	0.19887066	-0.2471563	-0.24543457	-0.07011542	-0.10872334	-0.3644682	-0.38924864	0.21182945	0.1706651	0.24629267	0.053986456	-0.08049367	0.073984414	-0.3332828	-0.26075742	-0.07392589	-0.008461847
0.07955438	0.26486972	-0.16099463	0.26533937	0.14919898	0.22322667	0.3508521	0.14900632	0.074247494	0.2620116	-0.21008027	0.2395076	0.27949083	0.017974308	0.1010504	-0.12014293	-0.03345693	0.16012509	-0.30210766	-0.10254723	0.07661541	-5.000405E-4	0.040262114	-0.23578404	0.21863991	-0.42124563	-0.060178634	-0.30942047	0.118727475	0.047716524	-0.17168657	-0.20099403	-0.24864042	-0.38314927	-0.3255897	-0.024979392	0.10415085	-0.3235018	-0.45758855	-0.23256366
0.21858102	0.21788247	0.0012825779	0.094490886	0.036288004	0.045110438	0.2698825	-0.2214682	-0.20628104	-0.0627585	0.25596422	-0.01085064	-0.057624705	0.20564872	-0.21953157	0.099378295	-0.29486927	0.13267316	-0.08475563	-0.31480333	-0.12656079	-0.32473373	-0.225151	0.3278721	0.21795042	0.14182101	-0.21412268	0.0461068	-0.13938703	-0.054974753	0.10910559	-0.301263	0.092962	-0.27554843	-0.29613018	-0.4012197	0.03590943	-0.23996834	-0.12529364	0.15263869
0.24687359	-0.057913907	0.049969878	-0.2239855	-0.37890428	-0.04921935	-0.26758316	-0.027293101	-0.004377362	-0.11534732	0.2757317	0.13168795	-0.08915675	0.07859001	0.2601211	0.21805236	0.29814517	0.30864245	0.15133625	0.0070315604	0.305325	-0.29760894	0.33718234	-0.22318639	0.04399389	-0.21233729	0.11523671	-0.21203241	-0.36035585	-0.38317448	-0.3490072	-0.23865059	0.05956349	-0.055734847	-0.20039704	-0.07566691	-0.40796167	-0.053570915	-0.14040698	-0.33352545
0.121288404	0.2821722	0.14907911	0.26600423	0.033724505	0.22131598	0.09254929	0.10861043	0.26263162	0.30100614	0.17003211	0.015439007	0.01740238	-0.18609114	0.010274188	-0.23325229	-0.10690888	-0.049822275	-0.3037488	-0.15789238	-0.18409659	-0.081286155	-0.26912266	0.20055923	-0.21167006	-0.3332787	-0.37306744	0.19747297	-0.30068874	-0.20423447	-0.31708094	-0.35485807	-0.09840696	0.06804603	-0.10787207	0.21192642	0.09171364	-0.28829694	0.2499616	0.19471636
-0.3227697	0.08877406	-0.28104106	-0.033346146	-0.05545356	-0.2735758	-0.29620022	-0.15596941	-0.0747825	0.14437276	0.013696186	-0.27588287	-0.07265081	0.26065245	0.08019357	-0.25902164	0.07167346	0.22154073	-0.33408457	-0.05004504	-0.36446103	-0.20746292	-0.019529454	0.025864769	0.2484931	-0.35538998	-0.13828799	-0.09417883	-0.28849646	0.26058373	-0.09524324	0.011040356	0.3073207	-0.08690469	0.19476931	0.05828047	0.10942635	0.020594291	0.01800307	0.1334684
0.055099998	-0.16771284	-0.1321848	-0.37891716	-0.33539075	0.05309691	0.20159382	0.22502542	0.19669676	-0.0068018893	-0.12767054	-0.15647578	0.17702878	0.043331582	-0.0114181405	-0.22556688	-0.23781054	0.19640972	0.18294936	0.19734631	0.30964896	0.22249876	-0.3619657	0.30030054	-0.36986807	-0.2722788	0.27021056	-0.22701733	-0.29010996	0.34160626	0.0526684	0.06221039	0.2863701	0.14122882	-0.1684796	-0.22517358	-0.37806597	0.08997395	0.0996673	-0.16283593
0.26636884	0.24523933	0.34042162	0.23586334	0.18039963	-0.101412565	0.15247293	0.060739618	0.31017625	0.22411083	0.0022054652	0.31535646	-0.124387205	0.1456215	0.043268334	0.033469543	0.024069048	0.11013996	-0.13788737	0.24269599	-0.2923899	-0.15098983	-0.25804767	-0.47158143	0.009538902	-0.49459437	-0.2551778	-0.043549303	-0.32464817	-0.22863539	-0.07659046	-0.3613315	-0.16427986	-0.42611498	-0.15613198	-0.34516934	-0.40222442	-0.038630653	0.05560748	0.07240658
-0.28367683	-0.26631093	-0.11649754	-0.03844667	0.18636476	0.19421709	0.12207648	-0.24323384	0.20841402	0.29492337	0.009078332	-0.11618114	-0.2207962	-0.3784718	0.2053178	-0.08146235	0.27547938	0.1405526	-0.18243293	0.24534896	-0.27086455	0.30604297	0.021892453	-0.3892805	0.26364434	-0.003212257	0.2515372	0.02510024	0.035727788	-0.2644074	0.27196625	0.08994495	-0.27580008	-0.23201832	-0.26138854	0.04595903	0.07145465	0.050650835	-0.02369538	0.069436006
-0.20969786	0.17147864	-0.35459632	-0.16311774	-0.05802621	-0.23756802	-0.25313106	-0.16920091	0.099522196	-0.09085234	-0.19619255	0.087443665	0.086830184	-0.21077847	0.23907563	-0.1941578	-0.14908521	-0.178459	-0.3072679	0.08915476	-0.08221611	-0.15470578	-0.09801816	0.123073384	0.28240827	-0.27702996	-0.06107629	-4.975697E-4	-0.22078642	0.12198381	0.0025384356	-0.06985955	0.03248249	0.28404582	-0.08510139	-0.047071192	0.22699617	0.31983075	0.19491063	-0.096002884
0.04642342	-0.069119714	-0.19943771	-0.28322908	-0.2900007	-0.2747429	0.20359828	-0.18730429	0.03563028	0.18719417	0.06341689	-0.18683979	-0.20306791	-0.023092581	0.106343	-0.1171909	-0.30268648	-0.063319795	-0.36820367	-0.10595183	0.17658898	0.14417256	-0.09831782	0.3159162	0.2885397	0.27564645	-0.22747451	0.34847218	0.27291712	0.3240209	0.023033207	-0.0670514	-0.32953218	0.20658588	0.29400992	-0.06205108	-0.20334813	0.056916095	-0.046556894	-0.20673944
-0.06995956	0.03979793	0.19491218	0.15394223	0.1365374	-0.25639173	-0.041677475	-0.06887291	-0.09875549	0.1380847	0.17265917	-0.27629554	0.02049886	-0.2744158	0.19519223	-0.104276605	0.13703346	0.12346906	0.028460871	-0.28637645	-0.17990986	0.11748826	0.12171244	-0.12167153	0.12777689	0.18236291	-0.25653288	0.16846885	-0.30116993	-0.39986348	0.25725657	-0.058638424	-0.2701164	0.007439229	-0.3717354	-0.42453763	0.033937044	0.2900237	0.22200142	0.1184928
-0.04397239	0.03458642	0.19797704	-0.20225595	0.07512716	0.25222966	-0.1470748	-0.031708833	-0.012648827	-0.18984596	-0.24725845	0.114104	0.157471	-0.34987023	-0.21327156	0.11085979	0.03819931	0.09327897	0.24886237	-0.18925056	-0.2506664	0.08184635	0.23280576	-0.32881054	-0.15338138	-0.36511022	-0.10834865	-0.18909952	0.09797739	-0.15042485	-0.002960356	0.24933845	0.1394664	0.13087368	0.22097744	0.18257704	0.2771645	-0.0067119133	-0.13806053	-0.21486132
-0.0415871	0.05913779	-0.3272495	-0.3059253	-0.09703097	-0.2717622	-0.2347328	0.3653775	0.20731238	0.13692656	0.11486814	-0.25176916	-0.24673145	0.09735468	9.796951E-4	-0.0025310176	-0.087915406	0.027704395	0.31195515	0.19613482	0.24653374	-0.18311028	0.0943885	0.10680853	0.046019964	0.25439778	-0.2872034	-0.25541952	-0.1484032	0.028355611	-0.3771986	-0.37476602	-0.38517952	-0.06800863	0.012176426	0.040043116	0.22862054	0.093142316	-0.05947947	-0.35511574
-0.29692262	-0.1733965	-0.2824653	-0.25099695	-0.38027266	-0.1514074	0.103554435	0.21181485	-0.20888153	-0.11189833	-0.38738677	-0.36549687	-0.29695484	-0.104187295	0.22333103	0.09954142	-0.07692843	-0.017682437	0.26315618	0.081698775	-0.29272965	-0.27784896	0.20126867	0.20372267	0.034646463	-0.2952728	-0.19369514	-0.067582734	0.31729347	0.27891213	0.19316514	0.13301289	0.2085987	0.2099135	0.12416017	0.1898979	0.30817723	-0.18961127	-0.2236969	0.24553628
-0.04100364	0.0051809275	-0.36392093	-0.18661849	-0.09195996	0.08874565	-0.06007462	0.26364404	0.05919379	0.021402918	-0.22306466	0.33055916	0.17503344	0.31342128	0.07314477	0.12987596	-0.18044987	0.3068033	0.106933676	0.2001061	-0.23102048	-0.009278474	0.20998874	-0.2793534	0.1544104	0.11640999	-0.3359252	-0.1763049	0.202612	-0.1021231	-0.33417463	-0.027444763	-0.033785038	-0.21881084	-0.24305841	-0.39242995	-0.34659034	-0.46218684	-0.3509312	0.24341065
