0.057069793	-0.3223996	-0.22153261	-0.049645856	-0.17846158	0.28135502	0.18954226	0.106389366	-0.12144037	-0.09220041	0.0782415	0.18268783	-0.08422898	-0.24737188	-0.3177801	-0.38715798	0.23657206	-0.26761612	-0.16759114	0.20462671	-0.19590537	0.21278319	-0.11867514	-0.11496916	-0.0027625284	-0.13450596	0.21021532	0.036901027	0.25527757	-0.069284216	0.020967538	0.051265147	-0.1543204	0.25935507	0.11726707	-0.41709614	-0.09280421	0.3546209	0.20156561	0.24289714	-0.1795323	-0.28801483	0.070118815	0.21819967	0.41737068
0.26159087	-0.22294915	-0.099438936	-0.12037811	0.27169162	-0.0040490204	-0.21491504	0.07132827	-0.28653267	0.03009082	-0.29672706	-0.26465195	-0.27044922	-0.29329053	-0.17561339	-0.18028228	-0.24183664	-0.42781574	0.16868645	-0.03186146	0.22795077	-0.42186546	0.08787214	0.29566145	0.03422192	0.34593317	0.27620152	-0.02219435	-0.04394917	-0.21746875	-0.12203812	0.11874153	-0.2165468	0.0077325003	-0.28675264	-0.056763686	0.12108593	0.073716044	0.28557324	0.19697315	0.1172827	-0.27932304	-0.21876645	0.13676341	-0.33900568
0.06905916	-0.23136857	0.084281065	0.017395677	0.019491324	-0.27551746	0.26229304	-0.46109542	0.24096365	-0.14666171	0.07722392	0.1297619	-0.051507365	0.09880073	0.09024374	-0.14837977	-0.12973708	0.16164215	-0.23395886	0.30201033	0.16371243	-0.08719212	0.346724	-0.2898733	-0.11771333	0.010943314	-0.17807445	0.2945085	-0.28414485	0.37535587	0.065463714	-0.49978068	-0.43974727	0.018306315	-0.018984903	0.010881744	-0.54676896	0.004742943	-0.13130228	0.14774612	-0.37347963	-0.43218443	-0.3200786	-0.5338573	0.13224933
0.30770412	0.10675623	0.13664974	-0.15804578	0.26981017	0.36012673	0.28020638	0.39811963	-0.22445466	0.030928683	-0.06612457	-0.14583905	-0.2884879	-0.21076092	-0.4118309	0.31253436	0.17407042	0.123217545	-0.0312726	-0.3116812	-0.28676847	0.04427984	-0.16789106	-0.232139	0.06279666	-0.34197694	0.08915504	-0.23518577	0.014136684	0.0065411786	0.1637176	-0.17150532	0.20623812	0.41073495	-0.2239304	-0.18424156	0.07832742	-0.015844014	0.2626398	-0.2644233	-0.00976167	-0.23959495	0.12332862	-0.40102077	-0.5821905
0.22840083	-0.1342961	-0.26200163	-0.2014936	-0.14153868	-0.19502081	-0.29998118	-0.108935736	-0.20446506	-0.07526987	-0.28255975	-0.23244596	-0.2728983	-0.27272582	-0.34401658	-0.06384083	0.024018712	0.27444395	0.055840645	-0.35910323	-0.33045632	-0.19365059	0.09697159	-0.1957519	-0.41712785	-0.43253192	-0.14440045	-0.15996736	-0.15805969	-0.25626698	-0.12778245	0.26117444	0.04224154	-0.26569307	3.964674E-4	0.028415909	-0.17183512	-0.13666601	0.24441321	0.017620025	-0.08763821	0.19674669	0.3243747	0.33935463	-0.095766306
0.15371998	-0.38259366	-0.2014796	0.16300815	-0.13868545	-0.35906023	-0.06356897	-0.41141015	-0.09109017	-0.3606383	-0.24208984	0.045950968	-0.21214086	0.050363015	-0.14299783	-0.04462812	-0.22073238	-0.3113709	-0.07270154	0.23229305	-0.14929788	-0.10891682	-0.09929159	-0.14378907	-0.2092954	-0.2089463	-0.18642095	0.29539093	-0.18167312	-0.16434242	0.13049461	0.27352488	0.2582689	-0.076823294	0.02428932	0.31189227	0.20064038	0.23526333	0.30752572	0.19536956	-0.052286647	5.80768E-4	0.28259397	0.09605551	-0.13222718
-0.0060991626	-0.0027136048	0.32645914	0.35787848	-0.06755126	0.30454126	-0.21962972	-0.2761639	-0.2349601	0.07153112	0.32273304	-0.043247294	-0.10735582	-0.06281763	0.16911142	-0.11253086	0.21777786	-0.068292804	0.12521206	0.023763785	0.3852681	0.42299923	-0.29507625	-0.35796311	0.076929435	-0.40061623	0.025972864	-0.13686223	0.3922332	0.13437685	-0.3495162	0.0844528	-0.35038775	-0.54934347	-0.027063627	-0.1997355	-0.08739921	-0.475855	-0.36455274	-0.16761817	0.29660335	-0.25007725	-0.28889078	-0.061755084	-0.14873809
0.26940504	0.27409744	0.112274334	-0.020465568	-0.085967466	0.16887274	0.17956962	0.20393537	0.2518636	-0.06576784	-0.09977272	0.23359488	-0.042489637	0.34253997	0.1907892	-0.28892797	-0.20581545	0.2779644	0.08391919	-0.17313224	0.26278627	-0.36472833	-0.3231666	-0.3592411	-0.24131647	-0.20463486	-0.19616412	0.05976376	-0.18132699	0.18833144	-0.010366778	-0.1777568	-0.37346077	-0.2697565	-0.013590834	-0.23011196	-0.006179426	0.14550619	-0.43834972	-0.29002592	0.04014366	0.03450503	-0.485609	-0.06806066	0.21809544
0.22968808	0.16530606	0.123268664	-0.059084874	0.37443608	-0.08633492	-0.021036563	0.3145093	0.07788665	0.021417772	0.038683143	-0.15955073	-0.048688035	-0.20618106	0.28894556	0.055649895	0.13375716	-0.09629234	0.025478937	-0.31779614	-0.2838128	-0.12730981	0.07938429	0.36637133	-0.04756226	0.24722598	0.027958952	0.14622726	-0.008550721	-0.14078385	0.064033575	-0.38312167	-0.40338448	-0.4201855	-0.027685896	-0.4396068	-0.41170043	0.13937818	0.04080965	0.0693519	-0.41430792	-0.67989254	-0.02515323	-0.39566723	-0.1399479
0.09702059	-0.3714031	-0.12393172	-0.14472038	-0.250429	-0.11478654	-0.2523359	0.16135922	0.14663865	0.008468976	-0.17110768	-0.17573911	-0.3574472	-0.049921423	-0.24182132	0.06725728	0.37176165	0.0972441	-0.16820367	0.1538419	-0.23862724	-0.021448342	-0.29712406	0.33494425	-0.17731658	-0.3030819	-0.19078803	-0.02495102	0.38876894	0.042831227	-0.324207	-0.23921044	0.30221766	-0.027407864	-0.17315382	-0.074823454	-0.23234938	0.08793167	0.35993272	0.0085861925	0.21135479	0.062158313	-0.29430294	0.28158736	-0.32389015
-0.25922945	0.13935047	0.3380333	-0.042843822	-0.15331224	-0.08167726	-0.26928705	-0.35281524	0.20925598	-0.115854055	0.20394646	-0.11304968	-0.28386003	0.20344453	0.052262962	0.28987598	-0.29554042	0.20415115	-0.09367673	0.275133	0.29727563	-0.21099548	-0.33221754	-0.43431884	0.19818483	0.20186299	-0.47637123	-0.11365126	0.40837353	0.38805202	0.12892146	-0.22352196	-0.27665955	0.32411402	-0.33984384	0.3435487	-0.40999493	-0.53123945	-0.34709445	5.9611484E-4	0.15719777	-0.2418179	0.05168505	-0.555062	-0.35176343
0.23838633	0.3316248	0.3348945	0.31462872	0.33237043	-0.20761085	0.23769782	-0.17295678	-0.17050056	0.29184684	0.2130899	0.12313066	0.24339853	-0.11418131	0.23188809	-0.057420403	-0.30231202	-0.11716977	-0.32141957	-0.10012973	0.113607936	0.28158137	0.06860705	0.0952589	-0.3942396	0.08457483	-0.27972028	0.022542223	-0.027123637	0.24435638	-0.4246205	-0.28939685	-0.38659862	-0.49321863	-0.1190504	-0.33315063	-0.22952843	-0.28749257	-0.23123886	0.3299198	0.08723533	-0.49068576	-0.25144273	-0.3756643	0.029639933
-0.20850675	-0.079661444	-0.1969339	-0.17808342	-0.14029588	0.23063065	-0.024018288	0.046238218	-0.21617086	-0.26484787	-0.3421997	-0.039574176	-0.36290258	-0.37751785	-0.4314995	0.14345725	-0.14793159	-0.3197235	-0.30265573	-0.06308383	-0.22928742	-0.28301686	-0.23697697	0.13688582	0.0053592874	-0.33284408	0.042865813	0.23812865	-0.03313062	0.14868356	-0.21169312	0.1105842	-0.13361348	-0.3299986	0.09096642	0.16607523	0.2346251	0.28186154	0.090520754	0.16231792	0.26957896	0.29044592	-0.12129297	0.1140453	0.10302897
0.0057353005	0.30184868	0.08030278	0.049939174	0.14294143	0.0018896556	0.11164675	-0.044699583	0.12382419	-0.07805456	0.2489454	0.18841456	0.2113879	0.012443665	-0.13910577	0.26746422	-0.0997651	-0.27223313	0.28974256	0.10215136	-0.12528694	-0.39681542	0.10856168	-0.22397463	-0.053643186	0.24132787	0.2955247	0.16394402	-0.25482005	-0.3445586	-0.48229814	-0.105968125	-0.40069675	-0.31055868	-0.2379805	-0.40258488	-0.037794404	-0.09187543	0.3223618	-0.30347544	-0.17135514	-0.22813505	0.21165633	0.22073068	-0.21641283
-0.26969978	0.123337455	-0.33299035	-0.16606846	-0.083580084	0.11420859	-0.13532363	0.30449396	0.19510826	0.20853782	0.06187934	0.21745668	0.18308653	0.017213657	-0.33158737	0.04356778	-0.061253402	0.08919202	-0.21946183	0.1511111	-0.2265831	-0.41203606	-0.10961488	0.32824898	-0.02788796	-0.29501128	-0.11108678	-0.18358819	-0.3085528	-0.42500645	0.059634082	0.3340585	0.15437792	-0.029231846	0.20157984	-0.20125274	0.14542265	-0.17693943	0.106850706	0.020952241	0.31248888	0.18544231	0.21565014	-0.101562396	0.07121041
0.1660364	-0.30068615	-0.044953287	-0.09533994	-0.09768722	-0.18963699	0.19279343	-0.30493075	-0.22878063	-0.068131916	0.1321684	0.22691488	0.023133658	-0.17747287	-0.40072566	-0.0010410089	0.01818497	0.13234095	0.2798548	0.020567752	-0.14878292	0.10867085	0.14498392	-0.19039153	-0.34727195	-0.3924634	-0.41232905	-0.20691882	-0.009896804	0.3066932	-0.33226308	0.15815039	0.29654142	0.16205774	-0.24188484	0.33243525	0.3263641	0.30982846	-0.37180611	-0.04953586	-0.20426978	0.2918963	-0.42242637	0.37511906	-0.24116105
-0.09076627	-0.03519934	-0.4428548	-0.39424714	0.07625824	0.15710972	0.034958377	0.16610521	-0.24835846	-0.14241102	-0.41973904	-0.093954235	-0.14339018	-0.094227225	-0.50234383	-0.10426242	-0.111756586	0.34948656	0.25055608	0.32345778	0.23961994	0.025026524	-0.39880982	0.20308904	-0.19806531	0.36563993	-0.22981839	0.10342878	0.4171459	0.2667	0.12166579	0.21372391	0.30567113	0.003872415	-0.2431903	-0.12521389	-0.13533835	-0.35445967	-0.26824513	-0.3231086	0.021752503	-0.06438563	-0.30147758	-0.3412934	-0.28792036
0.32406026	0.128011	-0.1509954	-0.08038987	0.3763813	0.15205783	0.23081931	0.36453393	-0.26178038	0.14609617	0.13554488	0.28590736	0.012235703	0.24159864	-0.051740427	0.10014517	0.19563225	0.06645864	-0.019107347	-8.015444E-4	0.2767	0.32243198	-0.1817414	-0.24755648	-0.4401854	0.07425072	0.04189284	0.059603285	-0.39339036	0.33827454	0.33894408	-0.28436095	0.10398161	0.07550859	-0.5530182	-0.20646834	-0.030644024	-0.3366122	-0.260688	0.19426295	-0.29171106	0.026184216	-0.35771048	-0.2839906	-0.41385877
-0.029376658	0.35781103	0.17766204	0.10561252	0.26561287	0.2961253	0.028296852	0.40856338	0.27967674	-0.08636009	-0.12342184	0.24160449	-0.23615375	0.13479239	0.21826592	0.09597753	0.2144461	-0.11137229	0.14231314	0.15498362	0.17502835	0.18222246	0.036140606	-0.27093363	0.036637507	-0.074368134	0.10916638	-0.25536355	-0.08579322	-0.48719585	-0.46033895	-0.13448384	-0.32712215	-0.45636848	-0.44934654	-0.49711227	-0.19019851	0.003746837	0.29657868	-0.33858255	-0.3864546	-0.08090699	0.015592098	-0.21816471	-0.3164676
-0.3117437	-0.3625011	-0.21164556	-0.17959353	-0.14632384	-0.028528733	0.023276253	0.06522398	-0.09245165	0.09949884	-0.124319	0.23786366	-0.077541985	0.33119217	0.34159875	0.09388727	-0.19046895	0.19919911	-0.20066695	0.059052438	-0.3716053	-0.09423714	-0.21978472	-0.15283345	-0.052677393	-0.09432849	-0.25922856	-0.24788265	-0.46436715	0.36564752	-0.40676188	-0.27095553	-0.3100469	0.337917	0.14928707	0.14982049	-0.11716291	0.24888124	-0.20482954	-0.28265628	0.43165	0.37519434	0.2327331	0.18595277	0.30663696
-0.13142155	0.18770483	-0.38610214	-0.2944336	2.3805705E-4	-0.38473395	-0.2637244	0.2349025	-0.3880358	0.06329522	-0.3898632	-0.19888893	-0.32466778	-0.26225847	-0.27083617	-0.21025342	-0.13388634	-0.3333747	0.25336844	0.2634699	0.29376364	0.13973464	-0.09965476	0.26784575	0.012383776	0.13614245	0.0017213329	-0.16498832	0.0059481338	-0.1633029	0.06339619	0.011674349	0.2866278	0.18382329	-0.09145143	-0.15380499	0.14822552	0.10180435	0.047921512	0.19266722	-0.2957847	-0.10865479	0.04315083	0.14742494	0.29412812
-0.24374466	-0.3451315	0.12398521	0.2334771	0.012795375	-0.06462925	0.024127271	-0.20607339	0.17552629	0.20947197	-0.28906125	0.0048409784	-0.1912297	-0.28459013	-0.42880923	0.07149794	0.13315208	-0.051630527	0.2567149	0.23463023	0.07389416	0.35576198	-0.4094963	-0.2347887	0.20177409	-0.4259686	-0.36024457	-0.2234763	0.099809624	-0.13253094	0.07952915	0.10532502	0.19713207	0.4161585	-0.12139673	0.16982453	-0.50194144	0.06898903	-0.20024806	-0.102601334	0.24821305	-0.0561821	-0.38874847	0.31765413	-0.19195056
0.14496695	-0.07794932	0.23447517	0.32218406	0.1506465	-0.10150076	0.08083943	-0.12504384	-0.15528795	-0.23029737	0.19177863	0.25032172	-0.14951581	-0.42900488	-0.12283464	0.2661084	-0.16934429	-0.32981852	0.119269975	-0.24775493	0.1566207	0.34540558	0.03176309	-0.0026405323	-0.21938881	-0.42492792	0.2143652	-0.32310766	-0.2998481	-0.019308297	0.4093361	-0.18454425	-0.3450098	0.04099575	0.14586993	-0.0030445708	-0.3829462	-0.038716204	-0.27066374	-0.31193376	-0.25638288	-0.31549802	-0.3075492	0.003834508	-0.16263306
-0.1702099	0.029243689	0.23483199	0.25217614	-0.45741847	-0.23219262	-0.37283728	-0.22816367	0.09587088	-0.08804268	0.062365398	-0.21540265	0.06717999	0.18734315	0.1365642	0.15858816	0.03599452	-0.37421465	0.31835926	0.33530548	0.22118033	0.2902553	-0.17425087	0.33731964	0.113518454	-0.024636438	-0.24866752	0.0034248978	-0.35127702	-0.090740584	0.19877431	-0.2300201	-0.22151856	-0.05425364	0.07783521	-0.4411665	-0.448238	0.003056603	0.102434576	-0.15264405	-0.031643532	0.19966711	-0.27843797	-0.3571656	-0.039958682
-0.18660842	0.17332488	0.013035986	0.01723589	0.29946405	0.27722913	-0.15631571	-0.33493873	-0.066493474	-0.15018839	-0.05989345	0.08660499	0.1866567	0.18253118	0.06282955	-0.20142466	-0.08074081	-0.38946277	-0.13555564	0.13211137	0.19905289	-0.24891664	0.29483062	0.39305988	0.15295748	-0.24248381	0.37129033	-0.36048016	-0.21071412	-0.0059961895	0.11374102	-0.08361952	-0.018469004	0.12939502	-0.08029791	-0.21569742	0.06964704	0.38188794	-0.2407531	-0.3523495	0.22301625	-0.18061909	-0.39367026	-0.17988427	-0.012993384
-0.30011615	0.104675084	0.038321063	0.32538956	0.102000736	-0.2568926	0.12629855	-0.22676362	-0.1526883	0.16001253	-0.10932053	0.056483675	0.3095754	-0.044574637	-0.14725657	0.24097455	-0.33305886	-0.07208377	-0.23473722	0.093955144	-0.33932975	0.03515603	0.2686835	-0.39606994	-0.13986357	0.305667	-0.012954387	-0.097690195	-0.4006763	-0.39666167	-0.22502886	-0.05420541	-0.053111766	0.116312385	0.22012343	-0.18428035	0.30156672	-0.30844963	-0.05026529	-0.2027519	0.003328511	-0.35713342	-0.38507625	-0.33662292	-0.21213788
-0.06926765	-0.02668505	-0.44510588	-0.4604993	-0.016661461	-0.2513582	0.23230723	0.22286758	-0.28239956	0.0895276	-0.045129403	-0.25967288	-0.43095103	-0.013683955	-0.51795596	-0.26699054	-0.14215688	-0.28055683	0.080307774	-0.07467441	0.17638138	-0.10843863	-0.4127757	0.12839748	0.05925919	-0.22190386	-0.17032026	-0.3793722	-0.0068698847	0.2310553	-0.39757684	0.10594666	-0.17454273	0.013107997	0.2592702	0.27600536	-0.21176316	0.3311729	0.06271677	0.22909713	0.16428621	-0.045039315	0.2870273	0.11199276	0.3330616
-0.07104616	-0.32135686	0.23136851	-0.31114918	0.24959557	0.10382172	-0.076220386	-0.28745914	-0.13103814	0.011086522	-0.31934267	-0.07635178	0.029427525	-0.29262006	-0.16939953	0.03333074	0.1563714	-0.02092998	0.22274211	-0.060032934	-0.33556715	-0.23851322	0.081737205	-0.22772601	0.22100438	-0.027448177	0.06492556	0.28148487	0.33531913	-0.20056503	0.29399177	-0.1293846	0.2387865	0.23368938	0.25518116	-0.3390359	0.12623589	0.29653683	-0.29028583	0.07145533	-0.37163505	-0.39607263	-0.08345519	-0.2873586	0.19673213
0.31199977	0.3306669	-0.20123194	0.08653457	0.41173705	0.33823445	0.15086988	-0.2409331	-0.16891323	-0.20977642	-0.14035706	0.10864515	-0.24630788	0.143907	0.22502191	0.27190548	0.22315916	0.06441563	0.12642248	0.121741034	-0.02322156	0.015577447	-0.11130936	-0.45474586	-0.26820606	0.077982545	0.14677656	0.38545892	0.13479945	0.07720401	0.4496887	-0.15382053	-0.37264192	-0.30706534	0.21712399	-0.45378146	-0.07908856	-0.073608324	0.163669	-0.15230963	-0.2513511	-0.40101767	-0.23251477	-0.39314142	-0.061085552
-0.25564876	-0.45296842	0.071462296	-0.4088817	-0.16784357	-0.22563459	-0.30064875	-0.06731344	0.10219574	0.16623366	0.14037234	-0.27966624	0.050930362	-0.24663845	0.23780407	-0.2138916	-0.39436886	0.06467629	-0.1628187	0.15217774	-0.17643873	0.10466188	-0.2871346	0.2271727	0.17767978	0.19761671	0.16294473	0.03905651	0.054757066	0.12232037	0.03563072	0.07119582	0.18827221	-0.3681277	0.1320527	0.3218111	0.079622574	0.22058307	0.1834438	0.22759824	0.12153182	0.106981486	0.11847801	0.18827124	0.24438182
0.12970297	7.0271944E-4	-0.15323658	0.28474903	-0.21487656	-0.02357569	0.23291579	0.12486373	-0.08098372	-0.21432859	-0.23125291	0.26130062	-0.12430013	-0.09497335	0.2460349	-0.32939637	0.23447025	0.10206824	-0.07918936	0.031836174	0.12017858	-0.07423875	-0.0110753225	-0.038319085	-0.115510024	-0.085061945	-0.30198824	-0.3869254	0.267281	-0.3255173	-0.28801432	-0.49871418	-0.23242712	-0.360967	0.014629338	0.2826703	0.28917474	0.3507805	0.1482687	-0.36819005	-0.06178759	-0.24344772	0.13887076	-0.01540876	-0.41819647
-0.15985335	0.24283972	-0.035652984	-0.024234751	-0.32801142	-0.29137218	0.2086727	0.044759545	0.22727598	0.21934679	0.26194486	0.0038311442	0.06378517	-0.16403037	0.15040222	-0.13552979	0.121682614	0.09986708	-0.27230486	0.024112808	0.22921285	0.11127853	0.21673378	0.23769991	0.10625876	-0.1974529	-0.12416393	-0.36735243	-0.14798227	-0.15208463	-0.21069464	0.26934645	-0.03549722	0.13218871	0.3620115	-0.04995381	0.27056944	0.37452006	-0.050049983	-0.083373964	0.09560612	-0.3686516	-0.31811666	-0.3613095	-0.012957085
0.22835901	0.30945888	0.28158227	0.18033937	0.040397655	0.33875135	-0.352752	-0.08284076	0.0131417215	0.13430957	0.3038931	-0.14600463	0.010360151	-0.057513636	0.02751039	0.015726967	-0.027358115	-0.052279178	0.08528977	0.20825998	-0.30195415	0.020010162	0.1467824	0.22150552	-0.060130928	-0.37502253	-0.005569003	-0.1842899	-0.3702595	-0.25103575	-0.4433151	-0.4868685	-0.5143706	-0.4857516	0.040797357	0.22244556	-0.34041926	-0.12174249	0.19781022	0.02123256	0.027747903	0.0028929613	-0.25707498	0.20290329	-0.4770837
-0.25848764	-0.14789705	0.23679206	0.08564057	-0.21584778	0.2208671	0.09507224	-0.15234983	-0.24001235	-0.0028178347	-0.1941163	-0.11729381	-0.043814056	0.13035505	-0.3006401	0.1936173	-0.21971987	0.03151131	-0.10409359	-0.11448875	0.34559226	-0.22553074	-0.053252045	0.34318155	0.17360823	-0.08535669	0.23952036	0.2251136	-0.30996126	0.076840475	-0.30790108	0.28739464	-0.25857657	-0.22514787	-0.04045623	0.06404279	-0.348818	-0.23580435	0.13225733	-0.1255478	-0.1692625	-0.23193377	0.1291533	-0.3508173	-0.33325234
0.0698651	-0.37762317	-0.015882466	-0.44366726	-0.34373584	-0.18888278	0.23513441	-0.10110931	0.13079992	0.03317728	-0.2670354	0.15387471	-0.3473723	-0.0448029	-0.29515	0.018280765	-0.09296605	0.21308133	-0.32785508	-0.084157385	-0.15848617	-0.33699363	-0.3677705	0.17858192	-0.06612205	0.067488775	0.24371164	-0.27142438	-0.21794339	0.002965179	0.23960763	0.20095107	0.23386657	0.26010525	0.16090964	0.05594453	0.195705	0.11325598	0.14960042	0.19302486	-0.22008586	0.2918693	-0.2151599	0.25887224	0.15859072
0.32307416	0.21632923	0.32290426	0.28580764	-0.08376124	0.30473682	0.10048192	-0.43275824	0.32134467	0.17293082	0.31293857	0.18812567	0.33201605	0.07264419	0.070637695	-0.23124094	0.23242626	0.0047864406	0.17228916	-0.058219235	0.054582234	0.2593622	0.050759558	-0.17677355	-0.03458005	0.12577528	-0.10792048	-0.49951634	-0.701515	-0.19963717	-0.11152683	-0.039052192	-0.3448289	-0.57336587	0.023433127	-0.29067966	-0.18187755	-0.43016627	-0.44828776	-0.18656707	-0.49202612	-0.14119877	-0.046233382	0.0046525253	0.13116768
-0.08835001	-0.038905617	0.02855951	-0.042187553	-0.1912831	0.07646281	0.016447771	0.32011294	-0.0588871	0.109200165	0.053335793	0.2958648	0.20394671	-0.027258778	-0.2713751	0.17743166	0.11599418	0.21248381	0.18208878	0.10019703	-0.12483208	0.033311427	-0.2952965	0.020604178	0.11158205	0.35334092	-0.17123936	0.35924464	-0.15230605	0.23033494	-0.115146495	-0.37494567	0.08248784	-0.03953211	-0.6901574	0.22583169	0.19470905	0.033104673	-0.4982631	-0.34995696	-0.571193	-0.50737053	-0.51555854	-0.49377906	0.2564637
-0.4975829	-0.313367	-0.5456589	-0.014652337	-0.31550157	0.16905504	-0.32695624	-0.5273731	-0.5083524	-0.3781421	-0.018950641	-0.23630196	-0.39809138	-0.24669886	-0.2689493	-0.2343548	-0.20200384	-0.029483505	-0.147494	-0.05387496	0.20486201	-0.05643495	-0.024558928	-0.050738264	0.24661243	0.042148236	0.07277247	0.115154095	-0.013309119	0.3061905	0.13128367	0.13918762	0.1926153	0.2014481	-0.1599815	0.106339	0.07888478	0.16176848	0.14415446	0.29451266	0.14026356	0.28713858	-0.015912775	0.20833637	0.14660852
0.084823854	0.23525232	0.10239343	0.092615165	-0.07813004	-0.1280021	0.15232135	-0.03011905	0.028932001	0.059369385	0.15540978	0.2477132	0.06727383	0.044940658	-0.08314876	0.28324145	-0.06940124	0.08230138	0.088016905	-0.2873723	0.03593746	-0.016115153	0.33827296	-0.44658232	0.0063286265	-0.20921652	-0.19051476	-0.31223717	0.3205835	0.2056551	0.2783885	-0.1091969	-0.22304708	0.20216113	-0.22008266	-0.49558485	-0.107135795	-0.5648042	-0.100597896	-0.35680392	-0.18350449	-0.027473709	-0.08454309	-0.39564532	-0.27457967
-0.13649948	0.036649086	0.10391712	0.163923	-0.07276165	-0.097660206	0.28918135	0.33136064	-0.22167186	-0.19058561	-0.18208243	-0.29820418	-0.38722613	-0.23114009	-0.21963413	0.097145535	0.023917714	0.2480099	0.21632145	-0.28583065	-0.079158835	-0.121537685	-0.21107341	0.26706678	0.20302656	0.04292165	-0.04414925	0.206698	0.2523829	0.15032531	-0.26227507	0.41677445	0.2655009	-0.2557841	-0.23839335	-0.0764114	0.06478392	-0.04940166	0.09003577	0.06681906	-0.17484695	-0.3840168	0.21447344	0.12799788	-0.01563486
-0.2858332	-0.26986346	-0.06848147	0.1163537	-0.06809535	0.107510045	-0.3895013	0.17111585	-0.10306885	-0.3119603	-0.16936927	-0.14180104	0.11070814	-0.38476023	0.06666596	0.15769652	0.11652319	0.054474793	0.0771463	-0.19149593	-0.16015084	-0.23134588	-0.060764268	-0.10302379	0.20154384	0.01221388	-0.26477578	-0.24454163	0.08222806	0.19947419	0.067127146	0.32784593	-0.10021377	-0.29396534	0.24781454	0.1642061	0.08259289	0.29546934	-0.20389058	-0.23383825	0.05592562	0.3084492	0.09181586	0.018386891	0.29793316
0.23027334	0.022203466	0.044187307	0.123720475	0.16774926	0.35061872	-0.11299795	-0.1843342	-0.35451013	-0.018020373	0.20410964	0.0035891496	0.03428044	-0.28588375	-0.18299717	-0.08295261	0.056302253	0.28787714	0.19390707	0.27992266	0.30250567	0.05732643	-0.35579515	-0.30572155	-0.065356165	0.25667253	-0.13925128	-0.26593998	-0.20316015	0.23281622	-0.349101	0.2668675	0.014278835	-0.03577978	-0.5413425	-0.37873426	-0.1623734	0.10151643	0.300851	-0.37013686	-0.19353126	-0.23826039	-0.03662241	0.29422286	0.119703926
0.0026039286	-0.3819842	0.04685449	-0.18676251	-0.30445915	-0.30730054	0.1350096	-0.38560918	-0.14664526	-0.27023226	-0.18805146	-0.39375758	-0.23169157	-0.42161307	-0.26714882	-0.2395497	0.20902197	0.22410767	0.1286219	0.12559575	-0.13712937	0.26249787	-0.22201332	-0.04027407	0.18991908	-0.42061707	-0.22527912	-0.32467145	-0.028596291	-0.062056504	-0.18412305	0.14568056	0.091376156	0.1294171	0.34313184	-0.145857	0.21017203	0.2237691	0.25938985	0.14842223	0.11930174	0.2112847	0.14090203	0.19307844	0.15473226
0.19925281	0.12612076	-0.23444945	0.17576133	0.31139264	-0.078451276	0.2238049	0.17657933	0.10836402	-0.32727298	-0.06809855	0.15312518	-0.18581073	-0.06897033	-0.060784914	-0.07618981	-0.016149871	0.07003026	-0.1588538	0.17007646	-0.20101999	-0.43059385	0.2775061	0.09626992	0.12119254	0.24948257	0.35927355	0.07180506	-0.2620067	-0.48252386	0.34475893	-0.20883532	0.062450476	0.04498684	0.19854097	-0.37639514	-0.2716512	0.07749241	0.20869978	-0.20169617	-0.22799261	-0.39688092	0.23564708	-0.073401794	-0.021294707
0.31360644	0.24052009	0.106546186	-0.13401943	0.009680349	-0.3343766	0.03850892	-0.14292058	0.116744936	0.23829198	0.022421077	0.299597	-0.013427881	-0.08193439	0.26339749	-0.10593791	-0.34196892	0.041218534	0.21096067	-0.15781622	-0.24012896	0.2631167	0.304005	0.20245035	0.018679112	0.25137043	-0.12457713	0.054326087	-0.5040756	-0.10041464	0.2508199	-0.27096626	0.24735856	0.25396353	-0.063462935	0.14416996	0.27112755	-0.24443977	-0.650563	-0.3165733	-0.4882216	-0.29400146	-0.24900769	0.07929015	-0.17722048
0.05553095	0.02855014	-0.26823238	0.21412429	-0.16048717	0.09313309	-0.2367985	-0.016779315	0.27369794	0.14460225	0.22575524	0.099231996	0.27846268	0.23656593	0.1791122	0.3219812	0.15842098	-0.19560958	0.10642351	-0.273576	-0.08315734	0.26538423	-0.31314275	-0.21247728	-0.4033789	0.32128543	0.08060139	0.07235703	-0.076782815	-0.38544312	-0.2293217	-0.052773777	-0.27104586	-0.071969055	-0.16972339	0.28104454	0.30574942	0.16038364	-0.26020017	-0.09027544	0.19530201	0.26237816	0.20237155	0.16025624	-0.32569733
-0.021253858	-0.34663853	0.05155626	0.20692123	-0.16514434	-0.18844177	-0.26388952	0.04375981	-0.25337765	-0.271627	0.22571465	0.05868129	-0.25984365	-0.21566784	-0.26252845	-0.1326215	0.043495946	0.20659989	0.08226544	0.3170727	0.13051617	-0.31005225	0.027582202	-0.29378363	-0.11296822	-0.13578883	-0.042421475	0.35507143	0.34317267	0.02886714	-0.21052031	-0.35342917	-0.23789866	-0.09381798	-0.4938504	-0.2183138	-0.35442233	0.107371934	0.45087188	0.26926282	0.066705994	0.36604276	-0.33645552	-0.11018258	0.37327975
-0.28642645	-0.053068273	0.17747165	-0.04308418	0.16769151	-0.26340997	-0.2483379	0.08835619	-0.087480426	-0.1873858	-0.43356848	-0.16930602	0.20578219	0.040727988	-0.25387055	0.20387176	-0.20038098	0.1697755	-0.12639414	-0.01886271	-7.730391E-4	-0.08239863	-0.17050572	-0.19151226	0.07014757	-0.39748114	0.21721803	-0.03711201	0.031138318	-0.031947747	-0.3331098	0.05331945	-0.043363236	0.16463123	0.12826765	0.36901298	0.017626578	0.25636542	-0.054949656	0.18994668	-0.059020113	-0.097768605	-0.14888322	0.24482386	-0.19552356
0.28662398	-0.19256902	-0.060297832	0.13304266	0.22987176	-0.11990912	0.063716024	-0.10577448	0.04402054	0.06299376	-0.3326531	-0.03215959	0.16340503	0.10259283	-0.027138572	-0.06838387	0.1418216	-0.32968774	-0.19320333	0.1889921	0.039818738	-0.056542087	-0.008918664	0.2383562	-0.34890983	0.3167337	-0.18871509	0.30552983	-0.19058304	-0.1445193	0.18522248	0.040330697	0.38649645	-0.39980108	0.11622444	-0.18949215	-0.39531603	-0.24069974	-0.3537671	0.29847786	-0.13174208	0.21066442	0.12454073	-0.15957868	-0.22899328
-0.2488403	0.28627563	-0.0050717946	0.0053085433	-0.11563768	-0.034444395	0.03629359	0.08549161	-0.079523586	0.09660716	-0.1696997	0.035091486	-0.11947451	-0.10022172	0.13649593	0.21682426	0.17277026	0.01603748	0.025441999	0.017332226	-0.07236541	-0.18505943	-0.13000569	-0.27775574	0.14338449	0.21182238	0.25462532	-0.07362733	-0.26178056	-0.33545655	-0.35812634	0.27385685	-0.4201465	-0.491477	-0.19207442	0.26998103	0.036164526	-0.46923882	-0.27929258	0.24852665	-0.3362411	0.21753252	-0.11405452	-0.109423384	0.331316
0.12162264	-0.31735525	-0.5148496	-0.14385532	-0.15181637	-0.32579106	-0.38060993	0.16996408	-0.046493284	-0.3843277	-0.43558007	-0.3187261	-0.33031434	0.016637912	-0.008818678	-0.39314088	0.06792712	-0.23955324	-0.1991816	0.02253848	0.1939615	0.016538186	0.122958794	0.2052684	-0.31506768	-0.014889137	0.30324516	-0.30339065	0.085526995	0.23625821	0.016812526	0.1909315	0.13589606	0.18305288	-0.0251942	-0.11993988	0.23362249	-0.060516637	-0.029829262	-0.03739948	0.14808986	-0.16104685	0.10312672	-0.19023179	0.2575279
-0.3342474	-0.10764096	0.037294175	-0.21185203	-0.31265163	0.25462613	0.21838133	-0.110404246	-0.25801644	-0.025125127	0.28275046	-0.15153551	-0.26462793	-0.29496384	-0.06763259	0.28581792	-0.07742256	0.09924331	-0.2831267	-0.0035742077	0.22280978	0.1746985	-0.3433206	0.30036023	0.060890153	-0.2963568	-0.41100702	-0.025472447	0.27525106	0.10865762	0.30775428	-0.11057469	0.14875475	0.35558423	-0.16324286	0.08834423	0.1258185	0.17558937	0.032639634	0.07394363	-0.16209719	-0.44957376	0.23758458	-0.44333908	0.15814377
0.21475415	0.078583345	0.39517435	0.30913332	-0.16068366	0.042486235	0.14520313	-0.053725533	0.3364951	-0.0030549895	0.32263902	-0.2331343	-0.097605124	0.16225052	-0.014953467	0.31042248	0.06397258	-0.14903465	0.05233007	0.2930187	0.1917354	-0.35634008	0.19042474	0.14401278	-0.016611632	-0.30124506	-0.072517835	0.03787542	-0.16135997	-0.22880377	-0.3237486	-0.23148865	-0.33667153	0.0059115533	-0.29667637	0.070830606	-0.17978798	0.1338761	-0.4595123	-0.28147456	-0.16728187	-0.26877233	-0.504535	-0.18643121	0.023610946
0.2906312	-0.14205612	-0.079904385	0.095900446	0.3293989	0.05572752	-0.25739372	0.42310315	0.29827043	0.15588553	-0.16884373	0.29156685	0.08414875	0.31806144	0.087584734	0.32034546	-0.056922585	-0.34039196	-0.20739444	-0.29498842	-0.021525512	-0.1361634	-0.18236504	0.12643988	0.05929803	0.36340275	0.21468952	-0.34569746	0.14860822	-0.04142974	-0.24189052	-0.40303507	-0.28228953	-0.19890745	0.31229582	0.060761873	-0.059663463	-0.36383027	-0.41209546	-0.23137991	-0.2236339	0.16793016	-0.27465305	-0.22256543	-0.30546966
-0.01907906	-0.3731412	-0.15206516	-0.19315188	-0.31834695	0.15643185	-0.1186961	-0.14711292	0.25546584	-0.12610325	-0.1026188	-0.35065162	0.0052441214	0.07820622	0.10936395	0.22349392	0.26857913	-0.16706946	-0.19640905	0.33997232	0.067252055	0.10145726	0.38252226	-0.37401667	0.28998467	0.05869471	-0.19945616	-0.2769228	0.13167465	-0.31261006	-0.2549803	0.05207043	0.0062676575	-0.3499995	-0.15733036	0.25884846	-0.040593833	0.06148491	0.038055122	0.25928575	0.29014397	-0.120664425	-0.3654039	-0.26174435	-0.19333299
0.10786842	0.2750517	0.13996752	-0.035596617	-0.25554198	0.16967443	-0.2706845	-0.417537	0.048268106	0.09003234	0.30288085	0.07649046	-0.019566603	0.27345905	0.33593687	0.308507	-0.20236771	-0.027363682	-0.2195351	-0.26576403	0.09466514	0.28886592	0.28279418	-0.13135077	-0.22552264	0.29234594	-0.21498042	0.09303608	0.1112093	-0.25573412	0.19773006	-0.25357586	0.12135409	-0.4204351	0.008965145	-0.3931557	-0.44001955	0.0718661	-0.23546709	-0.20215766	-0.24358943	-0.02339141	-0.46368736	0.047798887	-0.22384788
0.29476333	-0.2357925	-0.15442932	-0.017610295	0.22793804	-0.0477438	0.094111264	-0.31319302	0.17147115	0.15541428	0.11327238	0.12993808	0.29675445	0.26735294	0.13602498	-0.1451804	-0.25838315	0.0793482	-0.10395937	-0.26163447	-0.29960653	-0.23277712	0.031154515	-0.43541756	0.107342675	0.21066004	-0.47523388	0.3274004	0.22637658	-0.4389928	0.055221982	-0.40233165	-0.044961255	0.37845394	0.21052633	0.034187976	0.0883043	-0.3232989	0.2662603	-0.2728137	-0.46776322	0.1760488	-0.27829528	-0.24841955	0.07841322
0.09857234	-0.10658167	-0.16174383	0.18343344	0.14842483	0.13313821	-0.1631408	-0.3200512	-0.09660394	0.057339076	0.31326127	-0.039124124	0.06527537	0.120908216	-0.1491669	-0.11107533	0.34028074	0.27632424	-0.0644919	0.12773293	0.34496745	0.21671757	-0.24029519	0.08215073	-0.1457583	-0.21096435	-0.30472136	-0.13703664	0.051313803	0.31651098	0.21031196	0.24799618	-0.34222212	0.43970704	-0.43144605	0.08454819	0.06867822	0.23525739	-0.0667764	-0.4363612	-0.40577224	0.17074402	-0.4320689	-0.2647439	-0.22295853
0.14707997	-0.25543994	-0.0024328274	-0.18140887	0.22345765	0.2327731	-0.093706876	-0.3494328	-0.1444614	0.12636936	-0.37339476	-0.04987698	0.091834016	-0.19873841	-0.36493552	-0.012207672	0.27892816	-0.07232247	0.30221087	0.11076362	-0.31080225	0.31522137	0.1726267	-0.2571915	-0.27138996	0.0145165445	-0.36278188	0.40403062	0.2703926	-0.060186382	0.15347542	0.28080055	0.0073359963	0.32502618	-0.21559475	0.3834923	-0.18431409	-0.1847712	-0.44240004	-0.43942434	0.12224104	-0.02036289	0.1735952	-0.26897416	-0.41127974
-0.11011374	0.18783236	-0.16685615	0.012747804	7.797044E-5	-0.2985466	-0.37123385	0.011967008	0.18460439	-0.066942744	0.26083606	0.10124414	0.07651373	0.21492241	0.049320728	-0.12742415	-0.322186	-0.09916546	-0.04817379	0.067377865	-0.3042037	-0.031248735	0.2241817	-0.033776447	-0.3219232	-0.21438675	0.031333752	-0.22743481	-0.4254694	-0.20434232	-0.13326228	0.033170674	-0.28782126	-0.35053396	0.38832304	-0.26085344	0.0517247	-0.14517169	0.2364804	0.19752045	0.01951139	0.21703508	0.18339205	0.14068548	0.35347912
-0.3467948	0.22215775	-0.27467746	-0.29801413	-0.033073	-0.1502369	0.28919163	0.10364739	0.11611108	-0.18918048	-0.29910365	0.06458396	0.15341741	-0.20755881	0.1717058	0.040320884	-0.3076933	-0.30725387	-0.16732816	-0.28278926	-0.3158203	-0.35085964	0.015758904	-0.17422044	-0.33042762	0.13306785	0.03638545	0.23495254	0.12886891	0.16603322	0.24586204	0.29463896	-0.19550906	-0.3430691	0.20724256	0.07280949	0.19064383	-0.038259413	-0.18406901	0.08701761	-0.11940261	-0.10617004	-0.051504266	0.2923836	-0.0062643685
-0.14568815	0.15135525	-0.063281395	-0.12920287	0.24414071	-0.22102216	-0.284671	0.17245615	-0.3520475	-0.07696651	-0.17501608	-0.10918488	-0.21044184	-0.38230875	0.29366422	-0.12549262	-0.3335008	-0.2684749	-0.46243262	-0.17492576	-0.23882502	-0.28100622	0.064059384	-0.108666494	-0.053050328	-0.14729197	0.3145685	0.13930753	-0.060700253	0.07011292	0.124085024	0.27443656	-0.019750912	0.20343682	0.10433686	0.14425938	0.16450985	0.26236948	0.27422696	0.023865016	-0.053483356	0.27740467	0.30999267	0.23216766	0.0034062294
-0.06501709	0.27200076	-0.023447204	-0.15844835	0.3552411	0.20446618	0.109578535	0.030692581	0.2216219	0.32164276	-0.0639921	0.27563205	0.14181235	0.19524142	0.26855105	0.008965747	-0.054817747	-0.363243	0.18655513	0.21856403	-0.05254475	-0.008116359	0.21953364	-0.23289461	-0.043668784	-0.1409909	-0.0029001827	0.32146487	-0.10289926	-0.4698078	0.009870918	-0.39791015	-0.044570345	-0.53224695	-0.13767342	-0.54222995	-0.29655892	0.06727597	-0.46069756	-0.33580324	-0.3567728	-0.31542137	-0.51082	-0.4136454	-0.30753854
-0.028834213	0.06435367	-0.026998606	0.19101119	0.26319718	-0.16062236	-0.23431346	0.049399283	-0.2797247	0.020083074	-0.087735	-0.23180304	-0.23995869	-0.43598622	-0.24329634	-0.18345957	0.23691036	0.25149226	-0.16146395	-0.29103503	0.14456965	0.21372028	0.24131115	0.22762851	-0.12787583	-0.30969107	0.15528643	0.1754917	-0.07892165	-0.009558313	0.0151968775	0.18016751	0.19462219	0.28612554	0.25153375	-0.07125729	-0.23940772	-0.13007861	-0.3633998	-0.05531567	-0.03717192	-0.33107147	0.07418861	0.16506192	0.23122816
-0.23504236	0.12652038	0.25726494	-0.16936761	-0.029980876	-0.17452313	-0.27469036	0.23899993	0.28149053	-0.037091013	-0.30127007	-0.01434284	0.11569056	0.07428886	0.22229172	0.03658749	0.13172679	-0.329163	-0.32936025	0.1606353	-0.24265145	0.28001374	0.06912696	-0.29609653	0.035926636	-0.31038254	-0.10502411	-0.17883745	0.38843226	0.29144683	0.27741453	0.02522214	-0.06568152	-0.48269162	-0.110218376	-0.30124825	-0.4900651	0.097001486	-0.002223006	0.22908862	-0.11230545	0.098710164	-0.28889528	-0.3140364	-0.42117277
-0.2550784	0.04216238	0.22640556	-0.16151465	-0.2926873	0.08857274	-0.18037239	0.19827504	0.31090826	-0.194907	0.14240481	-0.10078184	0.024221418	0.24741024	0.22573888	0.1601842	0.02334885	0.21798907	-0.27562356	0.22473918	0.04785486	0.17797394	-0.08520337	-0.1775391	0.27923113	0.31398615	-0.049498875	0.19118808	-0.13010783	-0.3083658	-0.27752912	-0.40569982	-0.2637853	-0.3591432	-0.39241967	0.316181	0.19210795	-0.11484972	0.20723973	-0.3088933	0.2738651	-0.31137246	-0.45955887	0.08233149	-0.47627842
-0.060453292	0.08827946	-0.29993403	-0.29917628	0.07065472	0.118323125	-0.1879259	-0.28229472	0.1620716	0.050457694	-0.37097937	-0.35986742	0.13087462	0.22615372	-0.23817658	-0.10912824	-0.12629916	0.17507945	-0.10174326	-0.34121537	-0.11271565	-0.17366436	-0.20071259	-0.1620014	-0.3028284	0.1818351	0.23296791	0.28658178	-0.10409504	-0.08342556	-0.052781306	0.049836777	-0.041647386	0.07244664	0.08066382	-0.2669344	0.052317373	0.25253412	0.11200053	0.11609377	0.08684856	0.18074183	0.12035371	0.16924404	0.2954498
0.18521681	-0.07782963	0.15791987	-0.19998783	0.2828828	0.30775788	0.35189903	0.38896853	-0.031596027	0.22778223	0.24357986	-0.037318196	0.26765418	0.29766953	-0.26399148	0.08610796	0.029832926	0.23037325	-0.20022924	0.17194478	0.16608113	0.29566592	-0.34994975	-0.01936333	0.12394966	-0.18754576	0.0052563227	-0.18354216	-0.3655529	-0.18891428	-0.21700005	-0.4135139	-0.23609306	-0.44117737	-0.25279692	-0.45649052	-0.41167733	-0.41297057	-0.30016294	0.04650403	-0.4799525	-0.21998242	-0.2864484	0.10768696	-0.38691837
0.2029236	-0.021165695	0.26279384	0.27182037	0.31620628	-0.06898563	-0.032716244	0.3077337	-0.10093863	0.18629271	0.29815853	0.2608348	-0.11378809	0.03610302	0.30308077	-0.011474151	0.04674659	-0.13494772	-0.18084884	-0.33143014	-0.065549724	-0.38988867	-0.30942157	-0.1636035	-0.4977963	-0.15579452	0.25442144	0.21227945	-0.130859	0.2036654	0.3350365	-0.15876195	0.013941279	-0.37427342	-0.24534746	0.23785402	0.20361054	-0.48888344	0.024885615	0.16385083	-0.19380984	-0.20656215	0.24394941	-0.011751082	-0.3997462
0.25243953	-0.0031853612	-0.09430784	0.27557775	-0.1506398	-0.3193311	-0.23955542	0.04346478	0.28494933	-0.19615929	0.079715714	-0.26171505	-0.12717377	0.1395672	0.20783368	0.30049804	0.09301327	0.18806511	0.10711815	0.16498096	0.08416534	-0.06315745	0.3080259	-0.43263915	0.022205027	0.11694124	-0.0291148	0.11851951	0.2967118	-0.31612846	0.3608307	-0.32986987	0.32252374	0.2768948	0.12235437	-0.15717886	-0.39302295	-0.3497041	-0.042089902	-0.059397474	-0.44666845	-0.4118048	-0.27813354	-0.3097791	-0.48667866
0.11346876	0.08356264	-0.08546841	0.3421114	-0.3453954	-0.37221384	0.29369515	-0.18203509	-0.055553842	0.1963989	0.29626223	0.1865355	-0.06127705	0.25661516	0.32470715	-0.30730402	0.1864699	-0.17866273	0.24468924	-0.12106384	-0.11920403	-0.028594255	0.33749953	-0.3886366	-0.4614058	0.21799155	-0.4283763	0.10893134	0.1233464	-0.043941606	-0.26163656	0.085832015	0.44890413	-0.5060726	-0.13077283	-0.26067603	-0.18096788	-0.3821938	-0.031497534	-0.23820926	0.22113076	-0.2737996	-0.21002436	-0.35762843	-0.17686652
-0.11592322	0.1133728	-0.4453363	0.07051963	0.2944428	-0.19438832	0.12316148	0.08760048	-0.40369233	-0.34843493	-0.1441413	-0.35085404	-0.16614284	-0.058742702	0.1632636	-0.14096351	0.16804715	-0.122460626	0.03021176	-0.30206218	-0.32815617	0.20412761	-0.18201615	0.2404546	0.22280002	-0.35750476	-0.20531021	0.035310473	-0.21190391	-0.28904596	-0.08928569	0.25887293	-0.018064516	0.118299626	0.08430624	-0.27170798	0.12832321	-0.23035666	0.24590473	0.22760443	0.14578027	0.06634154	0.29676154	-0.121844225	0.15364206
0.266161	0.226815	-0.1804836	-0.05776028	-0.4641999	-0.46524698	0.32539594	-0.3330146	0.28270712	0.1869469	-0.2241452	0.22490923	-0.06799719	0.14915445	-0.17203972	-0.25046477	-0.23499976	0.31159574	0.13950619	0.1941834	0.14332275	0.100923516	-0.1159389	0.32702103	-0.43194598	0.14686972	-0.2193125	0.25794685	-0.05808993	0.11312939	0.15747543	-0.607437	0.07409089	-0.30728638	-0.34357697	-0.18797396	-0.33288926	-0.4248408	-1.9814412E-5	0.107407466	0.26520404	0.1683556	0.13465849	-0.05033971	0.090900145
-0.41168177	-0.2548834	0.048643596	-0.16400543	0.2191286	0.11162398	-0.31166828	-0.37429574	0.1769806	0.23185477	0.31708354	-0.27433848	0.30642617	0.16021445	-0.06627108	-0.1321495	-0.21778579	0.08596641	0.19839492	0.14028788	-0.10430489	-0.36304	0.22682774	-0.2888484	0.2255509	0.24191943	-0.30257848	0.26354596	0.4079146	0.18278806	-0.26962405	0.061209857	-0.33366218	-0.20967573	-0.25052002	0.079533175	0.36574656	-0.52832824	-0.38911125	0.34451637	0.07555057	0.12749453	-0.3908727	-0.16584918	-0.20351791
-0.43953505	0.13809091	0.17313668	0.13441326	-0.24332626	0.121186145	-0.3903516	-0.491138	-0.16904221	0.056571197	0.13555275	-0.2571774	0.08181907	0.10861745	0.2624699	-0.1677628	-0.14108887	0.16465692	-0.30037376	-0.45096228	-0.30551	-0.15971136	0.10618928	-0.2334637	0.064620495	0.19642743	-0.39024717	-0.3513035	0.12408445	-0.18994118	-0.47547826	-0.08465366	0.031975016	0.33408546	-0.067648575	0.19072199	0.050597347	0.32013398	0.27789944	0.2849629	0.23651603	0.08428763	0.26134434	-0.029834142	-0.079884775
0.13214216	-0.012038752	-0.055581745	-0.21669513	-0.07357711	-0.19496584	0.104242235	0.27564117	-0.18907104	-0.27248955	0.048939366	-0.05623963	-0.06076745	-0.051183596	-0.028377155	-0.23299676	0.19575159	0.101163805	0.07737075	-0.28016266	0.27155071	-0.28860286	-0.4475238	0.2729765	0.25232702	-0.1141092	0.27328497	-0.16751507	-0.1723752	-0.46712604	0.26178417	0.16877234	0.1396454	-0.32322007	-0.01816816	0.23885289	0.10551522	-0.47319853	0.16971278	0.29426247	0.12405719	0.19144769	0.036953125	-0.12763608	-0.19084853
0.016456012	-0.23762903	-0.28003588	-0.03401148	0.2905036	-0.04807819	0.3083913	0.2635918	-0.16249932	-0.015236376	-0.26031914	-0.20061538	-0.24123774	-0.35172135	-0.31544575	0.16759577	-0.025181225	0.26647773	0.12730633	-0.017575532	0.11887705	0.26510537	-0.41472992	0.34154147	0.16989928	-0.0729313	0.12691012	-0.12791155	-0.02515804	-0.41995317	0.27613923	0.094599515	-0.0055333436	-0.12526686	-0.13074644	0.16710463	-0.12011501	-0.43786165	-0.09205253	-0.014030283	-0.096717186	0.09987278	0.19861604	0.2607443	0.2664923
-0.259642	0.18912557	-0.047238823	0.28256267	-0.28709942	0.091257274	0.19948047	-0.18741214	0.17852145	-0.14663972	0.047683053	-0.10335829	0.03944932	0.2078834	0.27688363	0.26108778	-0.30356443	0.01263335	-0.13631627	-0.17513621	-0.4558408	-0.22841226	-0.25751582	0.1488854	-0.07140828	0.10839684	-0.16445702	-0.15719262	0.081635974	-0.2607658	0.012054228	0.109921485	-0.4073448	0.25067088	0.19781703	0.29598695	0.29995495	0.19712971	-0.20786124	-0.26994845	0.2919139	-0.13738446	0.3445565	-0.23792268	-0.14117776
-0.34804943	-0.059833303	0.23901187	0.0760342	0.1694155	-0.07348447	-0.23950125	0.21559392	0.018377187	-0.07425943	0.2269807	0.08789578	0.1019235	-0.14381866	-0.34390554	0.25856444	-0.22555602	-0.07988413	0.17454691	-0.031487815	0.29310465	-0.40116748	-0.10348059	0.29824746	0.121293634	-0.29620144	-0.26793423	-0.1856273	-0.056559388	-0.418939	-0.40177196	0.21759446	0.0992122	0.039760575	0.07125454	0.27721694	0.27554885	-0.27780864	0.09666663	0.29518092	-0.29963678	0.30697432	0.25800732	-0.21169163	0.06311667
0.10196293	-0.46251372	0.011814772	0.14374931	0.15519965	0.12336658	-0.09719925	-0.2236195	0.22327183	-0.24069573	-0.1785112	0.09966035	-0.16500033	0.09961855	-0.4632674	0.06308365	-0.17887686	-0.11383136	0.17495939	-0.47523803	0.034427952	0.055012867	0.30252072	0.1523284	-0.09745176	0.088868156	0.035023388	-0.4200064	0.25555596	0.29229558	0.1753851	-0.06347968	0.04612183	0.14981832	0.3890199	-0.39391738	0.17000146	0.15662172	0.18776053	-0.028320013	0.25071752	0.2677005	0.34234378	0.16350505	0.3150304
0.26428047	-0.18651891	-0.079166934	0.10836271	-0.2324461	0.094682805	-0.32123294	0.20066793	0.1320131	-0.22797425	0.0786305	0.15522839	-0.139696	-0.17059796	0.11875231	0.2785028	-0.099209435	0.23806696	-0.13247322	-0.048936006	-0.18079315	-0.25506374	-0.32135037	-0.34019235	0.12172274	0.022808056	0.18628606	-0.20309632	-0.21075612	0.073677465	0.05413144	-0.13094904	0.32232735	0.051911063	-0.3311851	-0.31795472	0.23843753	-0.10751881	0.30057284	-0.19169602	-0.45080855	0.020817135	-0.40183148	-0.025725897	0.4823106
0.044771526	0.23500843	-0.29514158	-0.3189178	0.21892259	0.15830232	-0.14239061	-0.11978418	-0.38145664	0.043697383	-0.17905141	-8.2475715E-4	0.12575023	0.26874396	0.12732099	-0.23771283	0.1424791	-0.2902538	-0.0015476334	0.06569563	-0.054981668	0.0747791	-0.14367767	-0.18481214	-0.20803635	0.035761517	0.29177943	0.20508116	-0.04754102	0.09447843	-0.17998137	0.32451552	-0.30976787	0.19826417	0.16680004	0.16907953	-0.40550956	0.049345527	0.25932384	0.18192267	0.35808745	-0.23745015	-0.2108751	0.3245694	-0.1861075
-0.1353267	-0.2091457	-0.0017712992	-0.4042259	-0.38493732	-0.46293584	-0.30170998	-0.3024075	-0.3046367	-0.47114542	-0.3268505	-0.10590773	-0.28420997	0.15174218	0.12671876	-0.36666188	-0.30659175	-0.28477144	0.079355486	-0.25482637	-0.3529707	0.29770315	0.22846171	-0.06335685	0.28092974	0.178472	0.26545486	-0.012222882	0.08646137	0.24213737	0.091238566	0.09088037	0.29069456	0.06905176	0.36666048	-0.038013685	0.17476346	0.12293345	-0.0026004724	0.14112793	0.19152275	0.08215465	0.058753315	0.013053358	0.22672372
-0.4352004	-0.25811267	-0.095603384	-0.16362227	-0.30931616	-0.028986461	0.009159528	-0.29719707	-0.17134409	-0.14633965	-0.21233088	0.1282859	-0.30920345	0.18507148	-0.12354679	-0.27498972	-0.3112656	-0.3721265	-0.4001023	-0.45818257	-0.05497301	-0.07681452	0.13457789	-0.12018271	0.06540245	0.31533366	0.1906415	-0.2853517	-0.122321695	-0.15671888	0.0040462515	0.13285491	0.15193959	0.0022563217	0.24287157	0.2754805	0.24800353	-0.1382798	0.20397681	0.320345	0.108177215	0.18157424	0.27021697	-0.023304107	0.18339548
-0.1938608	-0.20101237	0.21157813	-0.29210544	0.23388499	-0.35549924	-0.08999015	-0.050417997	0.1459284	0.004484457	-0.33323416	0.22596283	-0.1321607	-0.15355279	-0.26165777	0.18768421	-0.06540059	0.027579404	-0.098554045	0.23783985	0.10633529	-0.035693698	-0.42728707	-0.046817802	-0.032492556	0.046545103	-0.35167825	0.11690779	-0.24191739	0.29243395	-0.44192812	-0.24622911	0.3037008	0.25656477	-0.18152481	-0.23179494	-0.34969622	-0.47300282	0.039782118	-0.15460093	0.21714672	0.29060858	0.22395682	0.3955286	-0.4120068
0.2747623	-0.20197468	0.16580273	-0.15915766	-0.18648583	-0.14412075	0.3023005	0.051300146	-0.18433581	0.049845286	0.14173935	0.013692971	0.047953747	-0.3785467	-0.23279849	-0.08673875	-0.24556269	0.059606157	-0.10093775	-0.19835402	-0.0445014	0.071335234	0.17406379	0.1442021	-0.047664676	0.066703185	-0.0757166	-0.28001347	-0.042275224	0.017444886	-0.27303514	-0.0010309482	-0.23962332	0.3185041	-0.36189666	-0.17720708	-0.2761178	-0.42869848	0.2738561	-0.12930599	-0.22086796	0.36081228	0.06952417	0.38043234	0.2700941
0.24944837	-0.28790745	-0.022656508	-0.13052684	-0.11734499	0.09807749	0.099750265	0.18002623	-0.3209428	0.02934397	-0.06870987	-0.19094005	0.2711545	0.1494291	-0.4150481	-0.3145923	0.047739945	0.058184315	-0.18388179	0.14021255	0.33480558	-0.22736101	0.02672038	0.41006884	0.18966933	-0.23647259	-0.26520652	0.17507996	-0.029810082	0.048568577	0.016282497	-0.316047	0.1730456	-0.0057422523	0.33590096	-0.046536263	0.35175264	-0.2211057	-0.13492684	-0.25080222	-0.20101693	0.07339951	-0.37452692	0.21940415	-0.16033952
0.24002805	-0.07751447	0.24263744	0.2904779	0.12486405	0.14271757	0.11559779	-0.3824687	0.18010384	-0.03198071	0.24361713	0.09011586	0.2482369	-0.20768769	0.20457244	-0.2824345	-0.21593046	-0.49164784	0.091961175	-0.4675075	-0.21009977	0.23134907	0.24225496	-0.36232603	-0.008705972	0.17728703	0.21037784	-0.24314459	0.05083341	-0.31854728	0.24426626	0.03026097	-0.2186693	0.10745738	0.28278697	0.053599615	-0.41577613	0.10930316	0.19933952	-0.18442366	-0.55862296	0.030164683	-0.120980844	0.20364264	0.27421823
-0.09848047	0.08733014	-0.124624036	-0.264752	0.08231094	-0.19002599	0.33566314	0.020975154	-0.30703273	0.24145408	0.018111432	-0.3509407	0.14424342	-0.14045256	-0.21068811	0.18888009	-0.035546985	0.07883925	-0.24448451	-0.2590821	-0.0864554	-0.19892995	0.25683546	-0.022154266	0.016348355	-0.29868537	-0.24363862	0.1881254	-0.07136027	0.26238528	-0.25659302	0.10652846	0.28406134	0.3413219	-0.1531536	0.050808556	-0.3433418	-0.17755543	0.09066885	0.04797962	0.2766998	0.19468938	-0.040668312	0.16546753	-0.107733
-0.2576383	-0.28906587	-0.43485293	0.21024781	-0.32204527	-0.37967524	-0.24566166	-0.42286965	0.31973213	-0.31479943	-0.040451817	0.008118161	0.3162955	0.18631199	-0.12015681	-0.2580494	-0.21046121	0.31149948	0.33630928	0.3187656	-0.15503962	0.24221125	-0.15639675	0.098526314	-0.059425905	0.10341353	0.25972983	0.2697348	0.007496692	0.13779558	0.4115644	-0.4189049	-0.116050914	-0.23338573	-0.11841544	-0.0999356	-0.49584517	-0.14796212	-0.07831632	-0.3935795	0.1676815	-0.079384975	0.22220422	-0.46970612	0.07488163
0.22576517	-0.13142762	0.34666228	-0.09694779	-0.13918987	0.1259444	0.121797316	-0.0221593	-0.04457639	0.18399839	-0.089642584	0.013368081	0.30479407	0.21096095	0.16191596	0.2054053	-0.080871366	0.17435093	0.06567063	0.02587474	-0.32175234	0.10567205	0.30775365	-0.32811722	0.20653497	0.14667466	-0.074605465	-0.12759368	0.080633804	-0.38286257	-0.244478	-0.21243626	-0.17342019	0.2608092	0.318978	0.26418284	0.052080963	-0.48319182	-0.412278	-0.3438455	-0.22235551	-0.1255925	-0.29666635	-0.2543365	-0.2817451
0.11918526	0.13848576	-0.3483598	-0.15679461	0.0996823	0.051162045	0.26639852	0.2207077	0.26667827	-0.14852114	-0.31926534	-0.14759722	-0.040537782	-0.114021346	-0.25731516	-0.17031507	-0.22694986	0.31350395	0.26054737	-0.111662656	-0.031595975	-0.11137692	0.3436191	-0.011243278	0.24027589	-0.16367303	0.22045831	-0.10611831	0.03077107	-0.19589274	0.11901546	0.02381091	0.20014423	-0.22928913	-0.07980783	0.26154345	-0.46359906	0.0029472911	-0.30597582	0.23627079	0.33435467	-0.3145754	0.16048631	-0.1798096	-0.35930106
0.11873163	-0.05944151	-0.046210006	-0.20006536	-0.393299	0.29094163	-0.22627431	7.75594E-4	-0.12010364	-0.28295264	-0.27729815	-0.14733462	-0.34067082	-0.31957594	-0.29806468	0.1568543	0.10963441	0.11114223	0.22117619	-0.2651254	0.23405167	0.28152263	0.1775836	-0.03674282	-0.2652012	-0.42802572	-0.09947662	-0.14017217	0.33811155	0.17942269	0.103308216	0.18494508	0.34097934	-0.042548254	-0.055831023	-0.25311184	0.017783279	0.23358908	-0.35014206	-0.33496308	-0.08309906	0.046824597	0.20894979	-0.25077972	0.13371922
0.13814043	-0.17399229	0.32436144	-0.1465935	-0.40266687	0.09461874	-0.38213757	-0.53081256	0.22931986	0.31578657	0.21783666	-0.072793536	0.13231598	0.22960822	0.15490465	0.041148517	0.14647147	0.36425096	-0.19073977	0.06763502	0.16925836	-0.18924427	0.29971036	0.00302816	0.21350607	-0.413312	-0.41564208	-0.06682533	-0.089134574	-0.38769066	0.14983746	0.047435917	-0.23555815	-0.05184914	0.24477845	-0.42941996	-0.31248364	-0.33073187	-0.39457485	0.052180875	0.26729625	0.10920672	0.049967118	-0.19979088	0.02161616
-0.2706777	0.21836936	0.14446378	0.20917559	-0.2280839	0.18965062	0.33878475	0.22613364	0.23506817	0.24087217	0.106101915	0.25952306	-0.024231697	-0.0755154	0.2583842	0.11804827	0.0573408	-0.43459547	0.27452946	-0.21647151	-0.27095795	0.25390777	-0.029582374	0.37333235	0.10682849	0.1196707	-0.44349325	-0.32228425	0.06870906	-0.102457926	-0.16104224	0.16756366	-0.28903946	-0.3497614	-0.39391303	-0.36730337	0.24180312	-0.20126118	0.28787592	0.017133828	0.023007033	-0.38477468	-0.20736593	0.08354605	-0.2240387
-0.4772339	-0.23458444	-0.15639856	-0.35867625	-0.18975846	-0.28579098	0.12673412	-0.2662368	-0.21160075	0.016004436	-0.47073668	-0.46512836	-0.35710868	0.08343865	-0.34384942	0.0066981507	-0.08831327	-0.060431935	-0.14436086	-0.025528584	0.2776307	0.30315906	-0.3696296	0.19149777	0.022194272	0.15108308	0.14491524	0.2119815	0.096871644	0.265283	0.2281878	-0.15976386	0.30513287	0.11983657	0.17948663	0.21586157	0.29534197	0.21238217	0.07163019	-0.059734996	0.18748593	0.21186498	0.12988408	-0.104064874	0.15375245
-0.19204392	0.11789875	0.18262897	-0.012343654	-0.22136673	0.13676387	-0.3692722	0.08191025	0.19685338	-3.8252864E-4	0.15315363	-0.19747582	-0.26172355	0.19326659	-0.03870821	-0.19705752	-0.2856175	-0.3990393	0.09914536	-0.20393603	-0.2115883	0.06083095	-0.031475116	-0.17690885	-0.031061443	-0.12732378	-0.29663494	-0.19492781	0.36039415	0.1956878	-0.057068918	-0.15061972	0.24232754	-0.46272686	-0.081010364	0.31280774	0.23868588	0.16299912	0.20763114	0.28343812	0.3927448	0.18968035	0.18358672	0.24936184	-0.33872777
-0.28199947	-0.3883441	0.18363746	0.14023906	-0.11298422	0.16737913	-0.13312915	-0.3325908	-0.373487	0.15838373	-0.4189422	-0.03397995	0.063298106	-0.19685689	-0.038442273	-0.3443745	0.11273163	-0.25992572	0.07743154	0.24660797	0.16184783	-0.21027979	-0.2112946	-0.030016541	0.11487737	0.033431105	0.31530294	-0.01334822	0.14113791	0.33226487	0.30300814	0.06889851	-0.046476714	0.14154029	-0.26344728	0.28363204	0.2758001	-0.1725404	-0.25721288	0.095462345	0.047643483	-0.26439014	-0.07089924	-0.057991102	0.42166075
0.1909918	0.0913042	-0.31580105	-0.18646841	-0.22104247	-0.19910905	0.17822751	-0.019472506	0.22378871	-0.008267179	-0.1703876	0.15889286	-0.3010013	0.23896928	0.275422	-0.24795313	0.026791997	-0.33541185	-0.06894757	-0.17712717	0.20314057	-0.023884945	-0.18229796	0.22878984	-0.105342895	-0.2305527	0.33808318	0.19885337	-0.15333503	-0.050928254	0.26899013	-0.24005106	0.0018880999	0.3132409	-0.16193454	0.11296435	0.12237286	0.27038392	-0.031078145	-0.3135292	-0.42519185	0.13853243	0.10164574	0.22788273	0.2517784
-0.31122315	0.25627866	-0.19362523	-0.019717595	0.15168743	-0.016561154	0.21940586	-0.0921405	-0.17848037	-0.14921823	0.06226144	-0.28299716	-0.112346165	-0.32179248	0.095448315	-0.26507747	0.2267595	-0.014136363	-0.06366993	0.05801986	-0.2403965	0.24184419	0.25645515	0.22132844	-0.066902235	0.3088302	0.3045838	-0.08086257	-0.06913492	0.012878444	-0.18630269	0.0865897	0.26659563	-0.25591224	0.035976123	-0.07484527	-0.124083	0.1603662	-0.32920057	-0.11189735	-0.31185356	-0.3705409	0.29412675	-0.055159908	0.03596759
