-0.08629739	0.37122646	-0.055470556	0.28639448	0.17174733	-0.053583007	-0.13508292	-0.34591332	-0.08064402	-0.22324257	0.06682686	0.28086498	0.05864354	-0.2889228	0.36637977	-0.19105665	0.38412964	0.17358759	0.28443006	-0.4057312	0.36105332	-0.29445526	0.046996184	0.061896466	0.3662212	-0.09674516	-0.00940269	0.020840859	-0.18191327	-0.21297705	-0.009607655	-0.4997831	-0.54747206	-0.32109678	-0.11646235
-0.09353798	-0.31686875	-0.16699201	0.054671865	-0.068441406	0.036441576	0.33482063	-0.17599098	-0.21507327	0.41278583	-0.3748484	-0.2058517	-0.31372508	0.38518286	0.42509472	-0.32296914	0.17408095	-0.17795599	-0.05802806	0.20367067	-0.08735863	-0.11042205	-0.252283	-0.6171052	-0.22865868	-0.29904994	-0.3281079	0.105733015	0.081728116	0.45301428	-0.1728306	-0.07954937	-0.39916065	-0.15289791	-0.35067368
0.20740476	0.05873515	-0.12956582	0.21761654	0.059726384	0.23526315	0.24151608	-0.2954219	0.09614243	-0.044261456	-0.090400286	-0.14942923	-0.64350504	-0.012675037	0.3671095	-0.47245836	-0.043255996	0.2806228	-0.42393023	0.34513146	-0.30007696	-0.111255795	-0.028983703	-0.5183329	0.12220723	-0.32431462	-0.3374512	0.18004401	-0.089488074	-0.023760624	0.35437027	0.42982537	0.1201663	-0.17410529	-0.007894833
0.099187024	0.04307589	-0.13591257	0.17877118	0.2037353	-0.18067798	-0.34315982	-0.22642793	0.2862527	-0.19256537	-0.083524205	-0.31309912	-0.46730915	0.46162188	-0.4114281	0.116714835	-0.43684927	0.05769417	0.18348001	-0.31050253	-0.31444633	0.2601289	-0.47526434	0.16965663	0.40773916	0.08312421	-0.39378658	0.21010783	-0.33799738	0.08645857	0.022314906	-0.36794686	-0.26335356	0.10639306	-0.24705368
0.15459335	0.2170225	-0.14377853	0.38534835	0.1658512	-0.1749862	0.08437992	0.059665464	-0.24147709	0.34416944	-0.17963	0.16701491	0.3773894	0.106740735	-0.011607135	-0.014520928	-0.09039209	0.22445828	0.04850181	0.2838275	0.10503688	-0.45058626	0.26755846	-0.34826574	-0.36604857	-0.30209485	-0.29296905	-0.40499842	-0.16230974	-0.38230544	0.38887	-0.11842877	-0.40423834	-0.20037445	-0.49590284
-0.5606517	-0.5543206	0.076552376	-0.443114	-0.43859288	-0.5456938	-0.11243626	-0.031800043	0.060744654	-0.05437462	0.14671317	-0.33388644	-0.44534123	-0.11447368	0.31198063	-0.08757057	0.21595961	-0.06435918	0.058749564	0.2920183	0.19682989	0.25979623	0.18167982	0.17062175	0.27744156	0.30497852	0.22003514	0.23873144	-0.14044946	0.0068555693	0.2968165	-0.10243603	0.26342	0.098305	0.0699087
-0.3716922	0.22864692	-0.29703465	-0.24267258	-0.2367874	-0.14682451	-0.4076747	0.35198513	0.20177278	-0.18229191	-0.07073864	0.14402616	-0.30798033	-0.20894924	0.24700242	0.16338351	0.30586597	0.14787763	0.26034677	-0.109500244	0.35056978	-0.22392726	-0.29906562	0.3375482	-0.09860456	0.2049593	-0.21419966	0.3976142	-0.087562785	0.11351089	0.32393965	-0.14633141	-0.100350685	-0.073616154	-0.15237346
-0.062965356	-0.25953555	-0.10805332	0.25122783	-0.39083546	0.11623066	0.35194284	0.08546944	0.3487462	0.21423508	0.2856219	-0.34947315	-0.3968192	0.18888609	0.35567966	-0.3229606	-0.42458498	0.23943938	0.24436066	0.01141654	0.069508255	-0.359368	0.24782048	-0.49991536	-0.13574246	-0.084617965	-0.25132066	0.2916399	-0.02300437	-0.34199142	-0.22550555	0.3157421	-0.087092936	-0.29746005	-0.13803487
-0.40268275	0.15629308	-0.38014624	0.09918107	-0.06225169	-0.4417829	-0.43125254	0.35083106	-0.037599884	-0.23602428	0.1008538	0.25202483	0.33120155	-0.1630794	-0.18721211	0.11650842	0.23959205	0.14031143	0.069279805	-0.4795536	0.14661384	-0.38192102	-0.1079517	0.07327139	-0.31737706	-0.15380345	0.07251581	0.15471321	-0.10487987	0.051707346	-0.22921477	-0.19125803	0.43535158	0.1777107	-0.03441806
-0.017336825	-0.05813036	0.2675646	0.18971439	0.049457293	-0.61388355	-0.3116612	0.10687695	-0.17427191	0.30753168	0.31636143	-0.21990074	0.2384023	-0.19817604	-0.43329322	-0.0042777746	0.15193474	0.07910738	0.19304006	-0.26316646	0.22746621	0.17608549	0.35423538	0.0767297	-0.013891528	-0.1758004	0.32227957	-0.28661472	0.3242721	-0.1727707	-0.51704746	0.26471266	0.062401492	-0.64453715	0.3563771
-0.19774888	0.30412963	-0.07561187	-0.045164432	-0.35078064	0.30800048	-0.012552516	0.1795082	0.16620037	0.15293157	0.27526498	0.12494559	0.24350731	0.16329475	0.12457314	0.08558243	0.20120622	-0.3227529	0.13718677	0.3224995	0.23071899	0.2135028	0.14835086	-0.10224151	-0.05388918	-0.40345708	-0.4752075	-0.5503578	0.002597241	-0.06733129	-0.5788755	-0.6421226	-0.7038142	-0.2628064	-0.48279995
0.29532567	0.3604582	-0.022659853	-0.04855286	0.3079696	0.017900955	0.4853453	0.0742011	0.34939224	-0.26564744	-0.27528897	-0.11434284	-0.372663	-0.23199178	-0.27622333	0.36919037	0.14990552	0.076246336	-0.3206694	-0.41055572	-0.04639311	0.27175605	0.29564837	-0.19652334	-0.29694265	0.013944803	-0.5085445	-0.47542036	0.04217453	-0.47359207	-0.4404291	-0.58324194	-0.28330544	-0.4951379	-0.45559585
-0.2705584	-0.22581092	-0.15935738	-0.108489275	-0.17245413	-0.29989615	-0.26450858	-0.40522417	0.22663105	0.20465675	-0.15919326	-0.10857328	0.1171054	-0.13191283	0.06861882	0.0572028	0.20381215	0.0075441767	0.34221452	0.2558434	-0.16321562	0.31342205	0.32731488	-0.119551554	0.047667526	-0.20150496	0.35489845	0.34377506	0.36002302	-0.31520423	0.019990742	0.2183003	0.074719384	-0.2541798	0.16047817
-0.26073563	-0.023918599	0.19473794	0.027739733	0.26439998	0.15888308	0.20437089	-0.2508476	0.37214053	0.22486936	0.16440569	0.11016342	0.10188104	-0.4296951	-0.29449978	-0.07374076	-0.3453206	-0.32040006	0.33066633	0.30212447	0.20167333	-0.08274537	0.3584046	-0.42591542	-0.5640757	-0.21601287	-0.5125029	0.071223125	-0.2808266	-0.21319991	-0.541656	-0.15478703	-0.46361598	-0.25504827	-0.3501195
0.2970351	-0.04334429	0.21493503	0.15277696	0.17182061	0.17481098	0.3703557	-0.30797052	0.26300234	0.22052513	-0.26135367	-0.08249738	0.37236008	-0.36186057	0.1127811	-0.20627655	-0.13171008	-0.22740267	-0.03319655	0.13721177	0.24844599	-0.37856835	0.0038847392	0.39354524	0.21341579	0.35698047	0.038946267	0.2919355	-0.6416004	-0.08600304	-0.20894112	0.012437891	-0.20676161	-0.5072936	-0.23134162
-0.496478	0.07019052	-0.26873925	-0.276022	-0.1707245	-0.0954434	0.18547617	-0.19534756	-0.09427661	-0.4558619	-0.46255493	0.1120525	0.09697644	-0.35282227	0.07476098	0.26877582	0.15976533	-0.31697232	-0.3363597	0.15523416	0.3376749	0.10902456	-0.2148438	0.2524878	-0.20385444	-0.05325152	0.044215437	0.2449297	0.29395127	-0.08561516	0.22989434	0.13871333	0.09628113	-0.110140085	0.12241867
-0.47212273	-0.042241354	-0.13051963	0.03386482	-0.387009	0.2525986	-0.26791868	0.10980245	-0.26710305	0.05666954	-0.4179016	-0.1212205	-0.34379178	-0.42327657	-0.3789204	-0.27495417	-0.4579541	-0.43218586	-0.40732336	-0.23054717	-0.13526563	0.24011865	0.116381116	0.15354976	0.23424628	0.28124803	-0.1432195	0.080396235	-0.1907361	0.09695382	0.029196773	0.26442933	0.2661089	0.24821475	0.11740537
-0.10885975	-0.15453047	0.18609445	0.35086244	0.14293101	-0.07832543	0.23800372	0.031462558	-0.25227582	-0.39378422	0.15893623	-0.24124433	0.11378843	0.20719282	-0.14422697	0.1774765	0.0501826	-0.40512696	0.10730158	-0.048100825	-0.315017	0.02682334	0.23823485	-0.08640254	-0.28040206	0.44781217	-0.3517494	0.22049564	-0.039071478	-0.38264346	-0.51744264	-0.102004245	-0.4822568	-0.43735304	-0.31566957
0.23722415	-0.13004278	0.20193402	-0.011139882	0.37074625	0.24921341	0.25359777	-0.01779086	-0.025440518	0.35788786	-0.25968578	0.040252127	-0.10779257	-0.51585495	-0.48511913	-0.010568293	-0.4723951	0.34801668	0.2566456	0.15254249	0.14372566	0.3376426	0.010299407	0.3543535	-0.14028324	-0.25351286	0.39112005	-0.39607313	-0.0078078746	-0.30048817	-0.24830793	-0.16165517	-0.31722733	-0.4653009	-0.22303581
0.23742336	-0.4046157	-0.35528716	0.15518802	-0.25060853	-0.110735096	0.031753074	-0.11915453	0.021881761	0.08102772	0.15635595	-0.05357275	0.16157721	-0.42716455	-0.3060029	0.06562512	-0.3538131	-0.26759386	-0.07726239	0.13197581	-0.0064662546	-0.42615715	0.17370164	0.15197885	-0.38003045	-0.28840992	0.2771301	-0.15321596	-0.28394082	0.3065986	0.28469157	-0.031915423	0.2665156	0.3292335	0.14231482
0.001226506	0.123834595	0.27874902	0.15193523	-0.20503806	0.28633672	-0.20314582	-0.33599132	-0.22895345	0.38623932	-0.18119144	-0.29362056	-0.11439813	-0.35241625	0.26980573	0.35911512	0.232181	-0.124574125	-0.2393733	-0.47255725	-0.0064148027	-0.33598307	-0.06666046	-0.06165221	0.09942325	0.41320786	-0.013781676	-0.3849722	-0.23260282	-0.2490112	-0.17299294	-0.43917602	-0.327757	-0.16322197	-0.14754818
-0.23658015	-0.42043266	0.13123831	-0.30421492	0.1366705	-0.21754801	0.05674076	-0.2231322	-0.39388102	0.13535911	0.19860546	0.33085367	0.13218515	-0.43398368	-0.23737729	0.19429995	0.22527714	-0.1736967	0.01663781	-0.38122186	0.18560655	-0.2927823	0.20756166	-0.47495157	-0.30355874	-0.030314144	0.047664244	-0.48305586	-0.18094079	-0.20532374	0.2391262	0.22524588	0.14681607	0.07713897	0.24193504
0.09297102	0.29729006	0.35681844	-0.48137155	-0.35939443	-0.16138946	-0.22907212	-0.26068	-0.11877789	0.09478254	0.14778434	-0.5317564	-0.18752658	0.28563726	-0.27058986	-0.17064151	0.30496836	0.070160404	0.051104423	-0.412993	-0.18135251	0.058447275	-0.04438774	0.2141413	0.0012269404	0.42371392	-0.23098166	0.05877184	0.45774236	0.107679754	-0.37936366	0.32733193	0.05729299	-0.38906547	0.32163766
-0.2997225	0.066749014	0.22849005	0.06639592	0.06792715	0.27150244	0.17827126	0.32406804	-0.54910356	-0.37583184	0.225534	0.12803409	0.3277771	-0.13912821	-0.20274481	0.37428454	0.18794526	0.016742848	-0.27469653	-0.22067137	-0.26293764	-0.4648183	-0.083489746	-0.1616638	0.1088236	-0.06539671	-0.30352315	-0.09838648	0.18856633	0.4486646	-0.4781873	-0.5135212	-0.40941304	0.022084085	0.056024328
0.15562575	0.14173226	-0.20562568	-0.026013196	0.24962746	-0.27748293	-0.4707722	0.08485841	0.13104548	0.16987796	0.07946267	0.120492995	0.37864628	0.15606359	0.250811	0.15458564	-0.15120488	0.0061253873	-0.13623112	0.12972035	-0.46467736	-0.21362984	-0.19002716	-0.123072155	-0.044424966	-0.43830875	-0.02069354	-0.10549198	0.2310342	0.14766394	0.5046234	0.08049806	-0.5332446	-0.22696994	-0.23279679
0.3052037	0.3073634	0.272516	0.24837461	0.34475794	-0.03611771	-0.00452921	-0.17440535	-0.11223446	-0.21377377	-0.14240912	-0.121746376	-0.13187182	-0.12703423	-0.15106761	0.28142563	-0.31019014	-0.050169617	-0.2944609	-0.075357035	-0.36150593	0.19044626	-0.3668825	-0.43387783	-0.5434977	-0.43144011	-0.09148159	0.2465822	0.41793784	0.44760475	-0.093287244	0.3332105	-0.18205404	-0.23936002	0.031444486
-0.46657658	0.034423377	0.14225097	0.04894794	-0.20944251	0.059589893	-0.2896334	-0.31292963	-0.43193707	-0.35631615	-0.4461402	-0.31846085	0.016678615	-0.41165933	0.11436573	0.25324824	-0.024567505	0.17602353	-0.24044125	0.2141417	-0.21388939	0.30961794	0.27987352	-0.18185188	0.20072624	-0.19646285	0.11791239	0.35368025	0.28945202	0.20218548	-0.014977531	0.19596851	-0.1796696	0.084721014	0.26775336
-0.24922681	0.04842059	0.07974518	0.13950463	0.31058633	-0.068219736	0.18465564	-0.28490472	0.09871028	-0.2935011	-0.3372822	0.034327302	-0.059043035	0.31149462	0.4296122	0.29197085	0.30904734	0.16090098	-0.19413707	0.10243287	0.026803082	-0.20748372	-0.40860668	-0.63493925	0.226695	-0.26705813	-0.13034977	-0.27802077	0.33482832	-0.37826765	0.3137903	-0.38647872	0.18515836	0.117202684	-0.51630706
0.21407379	-0.24607542	-0.21175618	0.09854089	-0.17043808	-0.4924163	0.1561719	0.14647385	0.26316157	-0.02904732	0.14144266	-0.10384529	0.16659507	-0.029071964	0.20748445	0.1967287	0.05271583	0.008400802	-0.1473445	-0.038350243	-0.29998508	0.2331637	0.28726152	-0.31639743	-0.22900109	-0.13045046	0.20698541	-0.4890723	0.19549358	-0.27611142	0.4203405	0.19884993	0.4156491	-0.35292885	-0.49677956
-0.09538028	-0.18139075	0.09343922	-0.2861542	-0.17849433	0.36515266	-0.089130335	0.18290025	0.25258294	-0.2246835	0.12990232	-0.37088275	0.09870148	0.05140034	-0.32518876	0.3228662	0.22658807	0.13437341	0.42366698	-0.32752118	-0.31184402	0.2648593	0.21141343	-0.027686356	-0.2090986	0.17564492	-0.07815472	-0.35787186	-0.36044568	-0.26166022	-0.19383475	-0.34351572	-0.5619879	-0.41871655	-0.322606
0.23229408	-0.06532061	0.36014807	0.40617156	0.36891308	0.11220678	-0.25621483	-0.34211317	-0.0839071	0.25272042	0.35249603	-0.37846366	0.15012838	0.38045716	0.2978898	0.32037452	-0.10558146	-0.15141356	-0.04751038	-0.5766466	-0.47445634	0.20103335	0.32813284	-0.10227432	-0.4797967	-0.08351149	-0.15685743	-0.37771347	-0.34795702	-0.45151654	-0.22867133	0.08753105	-0.45655414	-0.39939713	-0.49218565
-0.49472952	-0.6371464	-0.5408087	0.24865781	-0.43145934	-0.38367468	-0.24168946	-0.44778305	0.07340657	-0.350021	-0.20631944	0.038137127	0.31601638	0.21976547	0.13370559	0.22605439	0.22077018	-0.10908871	-0.17845525	-0.229363	0.11758327	-0.2319552	-0.15358557	-0.21219279	0.13250884	-0.08210413	0.1852269	-0.012196877	-0.11893082	0.31044197	0.2757622	0.34463686	0.1589039	0.1726944	0.13557293
-0.25078225	0.33525836	0.3214173	-0.22324993	-0.0915464	-0.041833945	0.30102813	0.3668475	0.13305476	-0.13121119	0.13864793	0.33988342	-0.15690954	0.32657984	0.14994915	-0.02354378	-0.5046227	-0.27212933	0.0099718515	-0.10707309	-0.4289733	-0.10811595	0.29474187	0.07084274	0.15182759	-0.42906407	-0.39919415	-0.16396514	-0.2685729	-0.19947149	-0.4245593	0.09705809	-0.6087985	-0.0075048395	-0.11479606
0.343806	0.28352138	0.34191018	-0.19673572	0.31371337	-0.026323944	-0.18642373	0.11628787	0.23667438	-0.0105166035	0.2000439	0.280718	-0.3195655	0.3332269	0.1587906	-0.38313732	-0.025684195	-0.3442435	-0.52283764	0.4207143	0.22867586	-0.013350239	-0.32079592	-0.26650295	-0.17646883	0.028020957	-0.39503923	-0.25491512	-0.3924886	0.4891834	-0.1299109	-0.10349478	-0.076158896	-0.2605767	-0.58343697
0.046791766	-0.26250726	0.044757027	-0.17242323	0.19459875	0.29362297	-0.50562054	0.13058361	0.009429454	0.16088317	-0.31711328	-0.042209905	0.0331139	0.17905518	0.24085352	0.24907221	0.17435633	-0.11090621	0.039731495	-0.13062932	-0.32671005	-0.32867387	0.26766047	0.38916627	-0.047577497	-0.1881203	0.0668009	-0.51328886	0.17426418	-0.4321114	-0.6190309	-0.17416388	-0.39935213	-0.13107406	-0.5455373
0.31923434	-0.13698682	-0.34728384	0.124379985	-0.17508982	0.048653662	0.2077455	0.13617916	0.27041608	0.18006761	0.09741911	0.27515352	0.3654765	0.1916388	-0.46420792	0.06946207	0.2357742	0.22900824	-0.3798653	0.31360254	-0.55551225	0.36097312	0.14997438	0.3213407	-0.48644006	-0.1415731	-0.0068210857	0.33848783	-0.28800946	0.3021768	0.020153685	-0.46122798	-0.34742394	0.14882685	-0.7894008
-0.38566825	-0.14310995	0.0375816	0.087329514	-0.143142	-0.22559252	0.26565334	0.04131677	0.2144911	0.28977683	0.26389188	0.014863069	-0.29367042	0.29298082	-0.24584341	-0.33095104	0.0063727684	0.29695597	-0.14589956	0.25441208	-0.2927487	0.32111943	0.39771	0.21615194	-0.35105124	0.09020105	-0.4768633	0.035511333	-0.51177424	-0.03839117	-0.24724436	-0.016625663	-0.41624272	-0.4484412	0.25840172
0.47395894	0.053008623	-0.025607282	-0.37594223	-0.05574046	0.18545428	0.15394406	0.41862443	0.36023572	-0.09043986	-0.36691278	0.35331935	-0.20296748	-0.33612725	-0.23170494	0.2157113	-0.4242846	0.0045749494	0.11061176	-0.27121028	-0.47109067	-0.08602605	-0.50207955	-0.3671252	0.37145	-0.4979226	-0.29207817	-0.24553207	-0.27592298	-0.17852539	-0.29881218	-0.14035732	0.30888432	0.10352029	-0.4009371
0.13065407	-0.3661336	-0.039984133	-0.15291956	-0.060111653	0.026571618	-0.3546189	-0.29769588	-0.051983837	-0.275798	0.21076871	-0.20872241	-0.07664863	0.2165532	0.13488261	-0.375079	-0.2879176	-0.1780168	0.2861281	0.13952695	0.33753043	0.13299541	0.23189822	-0.19669741	0.12281638	0.32410976	0.2881784	-0.2900071	-0.007623316	0.2982697	0.30490196	-0.17878571	0.2626052	-0.034518752	-0.16839696
-0.18777275	-0.2234079	0.09628638	-0.13435799	-0.19047683	-0.24469982	-0.021956537	0.13647209	0.11743469	0.26563886	0.24370112	0.25700685	-0.16266973	0.027787948	0.0034897388	0.26784906	-0.22912739	0.002604105	0.103075534	0.07983698	0.34057122	-0.2408064	0.20765279	-0.5057665	-0.36988482	0.35515422	-0.14983669	-0.33953178	-0.05525517	0.17627606	0.49170643	-0.24795546	-0.22629361	-0.10195979	0.15370336
0.017821906	0.14423746	0.22341959	0.4036797	-0.33979493	-0.06288411	0.25240102	-0.01686938	-0.306067	-0.110815324	0.18131056	0.35881448	0.20768657	-0.3483049	-0.022123886	-0.26178312	-0.17913416	0.1345601	-0.38081795	0.047747552	-0.06990171	-0.26272893	-0.39001524	-0.19120528	0.17977843	-0.24448925	0.18197715	0.027521769	-0.3247779	-0.4074204	-0.35718802	0.0068710274	-0.07867215	0.040666975	-0.3540184
0.11951631	-0.32696933	-0.17941596	-0.15978184	-0.36369944	0.21322906	-0.20919603	-0.08710184	-0.028039813	-0.06791955	0.12093263	0.044370603	-0.48460066	0.19184905	0.34847215	-0.23123062	-0.28679708	-0.61629933	-0.59660184	-0.03226466	0.13314965	-0.22048154	0.07322713	0.2689631	0.025489254	0.014333031	0.035718326	0.15884553	0.0018158067	0.3519399	0.18372601	0.25609934	0.1846568	0.21839733	0.24539977
0.15913053	0.44590566	0.28909817	-0.33803564	-0.11336222	-0.09666609	0.4080903	-0.2899533	0.23790231	0.34650964	-0.20792796	0.12099599	0.061071955	0.14372523	-0.40769067	0.45554188	-0.039329235	0.41709095	-0.007962337	-0.4225005	-0.47511172	-0.27623534	-0.43794614	-0.28558546	-0.39749837	-0.18233924	-0.11672904	0.010885719	-0.36127636	0.21242513	-0.35194147	-0.019257128	-0.35445657	-0.26136056	-0.379131
0.11156148	0.042423	0.18954903	0.106635034	0.2619993	0.24577397	0.2607706	-0.017465156	-0.07215223	0.03886394	-0.40663558	0.052915905	0.32062706	0.18746433	0.2895164	-0.40000588	-0.03994581	0.11829278	-0.40008682	-0.58573675	0.06656207	0.11200971	0.24401386	-0.2687894	0.17770493	0.27549127	0.09015858	-0.20241545	-0.46742514	-0.1686397	-0.7175143	-0.2969666	-0.38712728	-0.399542	-0.5722912
-0.24193351	-0.15899388	-0.07974896	-0.33246496	-0.14758025	0.10178425	-0.3323393	0.14932871	-0.3751818	-0.39134312	-0.43479753	0.03288909	0.31769633	-0.21379213	0.102709636	-0.33259207	0.175978	0.22360651	0.036517095	-0.42760384	-0.0108061535	-0.24858369	0.1869536	0.123532414	0.35207027	0.32095835	0.17291069	0.2572016	-0.13132313	-0.38795155	0.19004652	0.17309122	0.23105577	0.051394425	0.07105774
0.2633389	0.0612488	-0.16706116	0.36408246	-0.26877424	0.29674682	0.15415448	-0.12286853	0.21401672	-0.15238667	0.18484819	0.30399594	-0.21526869	-0.114112675	0.07016295	-0.3048508	0.31249464	0.2327059	0.2706221	-0.08046356	0.19142267	-0.15982379	-0.58362246	0.36026722	-0.30117694	-0.41017488	0.32256666	-0.6019533	-0.6118756	-0.055537608	-0.2723082	-0.4726106	-0.58519816	-0.18218377	-0.46279332
0.33521232	-0.16758211	-0.005748816	-0.30988294	0.10571842	-0.3346016	-0.14261249	-0.038544223	0.014039308	-8.147227E-5	-0.27431247	0.31524757	-0.57547414	0.1920562	-0.19855504	-0.3313164	-0.1731384	-0.19637303	-0.41821337	0.05697963	-0.26082635	0.07547628	-0.42502615	-0.2856876	-0.36048436	-0.35689142	0.34232	0.35889432	-0.050370764	-0.0028843435	0.056656986	-0.11334868	0.35208175	0.06383555	0.003041724
0.35543796	0.22659299	-6.014472E-4	0.20417419	-0.27255362	0.054541204	0.32844678	0.3151996	-0.28927836	-0.19713129	0.043176148	-0.20334452	-0.21664518	-0.08266108	0.19311254	-0.25875336	-0.3246102	-0.4636834	-0.47963667	0.1609158	-0.25305068	0.27134037	-0.09177698	-0.25876307	-0.28558224	-0.35901946	-0.28382042	0.10893848	-0.18644498	-0.0072349147	0.41775566	-0.28074598	-0.18300867	-0.22164738	-0.009242436
-0.15848915	-0.47741264	0.07331863	-0.052429866	-0.4401115	-0.3824269	0.05077415	-0.27516034	0.05955472	-0.3854238	0.19494823	-0.34957308	0.22824827	-0.13917378	-0.30426756	0.20667884	-0.129497	-0.012416413	0.26879174	-0.33316892	0.018163482	0.14500853	0.3276122	0.22176756	0.19714145	-0.06103923	-0.20188223	0.26625937	0.028294634	0.31233332	0.2950145	-0.11430358	0.15315042	0.25958276	0.096970364
-0.21888582	0.19123785	0.11912188	-0.3598188	-0.06009862	0.20027815	-0.22864209	-0.010957291	0.014986947	-0.2674781	0.20180759	0.07638304	0.20870999	-0.28275698	-0.37591198	-0.1353919	-0.422676	-0.12805223	-0.07659863	0.35640928	0.14454848	-0.33021098	-0.167088	0.32539245	0.11555484	-0.22496074	0.19894214	-0.09510188	-0.20678188	0.09746092	0.35770547	0.21406853	0.3192562	-0.14952551	0.25045878
0.01654297	-0.26954293	-0.42888275	-0.2338631	-0.21241507	-0.027363135	0.072455436	-0.10758388	-0.13050003	-0.046188552	-0.4249861	-0.38851678	0.2929793	0.3772019	0.1725458	0.018473562	-0.13289872	0.15856078	0.23360208	-0.3689252	-0.34296945	0.046373762	-0.17366825	0.20719609	-0.24118027	0.123088755	-0.3052031	0.08359108	-0.102429666	0.18523104	0.24094051	-0.13486159	0.10702332	0.37862584	0.16031791
-0.38710785	-0.34867454	-0.12614928	-0.27226946	-0.50229204	-0.14036754	-0.035331123	0.15119676	-0.007547155	0.06266421	-0.029820608	-0.16578247	-0.6989465	-0.06020817	0.2203592	0.05397763	-0.06732092	0.13729823	-0.3069894	0.10343987	0.32915482	0.31734738	-0.31592017	0.097802766	0.19488534	0.14199747	0.11962272	0.29535657	0.122717746	-0.1526755	0.02914656	0.27239463	0.06333242	0.27388155	0.24868163
-0.23917522	-0.24859455	-0.33033788	0.08450697	0.12341055	0.18735601	0.19321682	-0.31098476	-0.4156729	-0.09428253	-0.2833463	-0.27774465	-0.29524806	-0.4308302	0.0017063754	0.25289473	-0.32224554	-0.39988524	0.01773744	0.22928925	0.048180092	-0.24489737	0.3040836	0.13696945	-0.25526395	0.0076782894	-0.15397835	0.30352905	0.16512476	0.36649668	0.04851798	0.050008714	0.30752304	0.21491222	-0.08481266
-0.4707154	-0.2876425	-0.25929216	-0.14520043	-0.14705127	0.30147958	0.1822734	0.30950326	-0.076091945	0.108867444	-0.057987023	-0.11268424	0.226694	0.19675979	0.30435014	-0.49838328	-0.04148436	0.13836305	-0.32539415	0.29858837	-0.15570255	0.021244382	-0.18696414	-0.15806772	0.0884804	-0.14108549	-0.29602417	0.33295393	-0.3512922	-0.037675776	0.17497265	0.383472	0.22065914	0.08700254	0.323951
0.419123	0.30957416	0.07447128	-0.08630637	0.15402022	0.07256736	0.10649436	0.10686888	0.21553656	-0.31078368	0.20416787	0.06170617	-0.51516753	0.39949816	-0.35964403	-0.060374185	0.2458889	-0.26526612	-0.3981687	0.021786157	0.1550824	-0.13329153	-0.6984228	0.31871393	0.3126872	-0.57026684	-0.47209105	-0.53663826	0.001971231	-0.1940049	-0.49762487	-0.2966217	-0.36731872	-0.14664593	-0.22718666
-0.35825405	-0.10999594	0.15440123	-0.40079203	0.31704643	0.3662864	-0.23290022	0.14261582	-0.1881174	-0.147279	-0.41689017	0.09249642	-0.24973302	0.09684129	0.14884454	0.23140329	-0.3857394	0.095673	0.027101573	-0.30753902	-0.2061112	0.3173262	0.3011167	0.018295268	0.035507757	0.33315516	0.18008123	0.029077852	-0.39733994	-0.014432438	-0.3996559	0.13109487	0.10680274	0.1719269	-0.20097901
0.129859	0.06758902	0.33145744	0.42516655	0.31673995	-0.10131842	-0.5470242	-0.21223792	-0.34650093	0.14360228	0.32324642	-0.37814456	0.17588243	0.0015564428	-0.22348295	0.07291729	0.15665509	-0.11150424	0.31552503	-0.41055116	-0.33649993	0.1609058	0.1025765	0.12925026	-0.010729168	0.09790963	-0.37008876	-0.21290283	0.32222807	-0.50695264	-0.40230575	0.04359618	-0.28457382	-0.47713497	-0.22560625
-0.5335462	-0.36408913	-0.22898103	-0.17296906	-0.18133008	-0.20378232	0.32767767	-0.26498824	0.28000852	-0.1665958	0.012298834	-0.054117616	0.34197748	-0.12987582	-0.2696108	0.23437399	-0.008953541	0.11527999	0.34708023	-0.32070222	0.36073303	0.06073178	0.114473075	0.25779393	-0.19919215	-0.30061817	-0.2238287	-0.2350021	0.3730718	-0.229052	-0.16803949	-0.5299232	0.13799457	0.38797373	0.46379185
0.34173357	0.21485987	-0.21459782	-0.4655136	0.31706163	0.19908968	-0.064462624	0.40614083	0.14553504	-0.35377496	0.10196508	-0.071179755	0.25209767	-0.16832903	0.050043568	-0.27219445	-0.45652035	0.3295279	-0.37978426	-0.1953865	0.089373276	-0.006460014	-0.1643528	-0.18298262	-0.08266516	0.14346915	0.43984604	0.38831544	0.09856053	0.16675071	-0.26821858	-0.09399732	-0.09090088	-0.36910844	-0.25633878
0.3508052	-0.14455445	-0.22155903	0.042406507	-0.15808313	0.01350636	0.39706093	-0.044913072	0.2331855	0.008381597	-0.21811588	0.050359167	-0.31027249	0.1875666	-0.25191143	-0.3270866	0.08927746	0.2170623	-0.5400858	0.06910207	0.18130861	-0.06348212	0.15766041	0.41542724	-0.111861564	0.40596256	-0.5622215	-0.38656446	0.37840053	-0.4012215	-0.13956371	-0.10255927	0.10535769	0.21748333	0.11740565
0.37454617	-0.14885841	0.21365876	0.20607606	0.35236645	0.1738914	-0.542662	0.22915573	0.16504881	0.04791819	0.14009309	0.06535889	0.3904088	-0.03031249	0.0354423	-0.08841875	0.31864467	-0.41462147	0.010425923	-0.2789459	-0.34619868	-0.42412052	0.19842316	0.21587834	-0.110989965	-0.26040074	-0.038197257	0.10900521	-0.4760899	-0.45710507	-0.239815	-0.3898555	-0.4107731	-0.4103434	-0.48978359
-0.5782448	-0.18406722	-0.5223071	0.2118433	-0.41932103	-0.4118991	-0.1412775	-0.5258907	-0.54756576	-0.19965646	-0.047225744	-0.10306378	-0.1548026	0.020208409	0.006613195	0.13076249	-0.17553169	0.11793015	0.23442544	0.20366135	0.2599815	0.23704696	-0.0017968039	0.0942639	0.20030499	-0.036808442	0.13256495	-0.07145442	0.21099669	0.30147412	0.15689823	-0.0083273	0.19192885	0.089564756	0.21265781
0.124481	-0.51717293	-0.38216943	-0.14796539	-0.1789598	-0.38655424	-0.46315905	-0.4285436	-0.31071758	-0.23360343	-0.094067656	0.072707325	0.046843097	0.15794599	0.015584691	0.11253829	-0.10243239	0.29831788	0.4088995	-0.39176455	0.14343686	-0.075049214	-0.35149077	-0.034819197	0.17370605	0.098109856	0.31279263	0.18470182	0.3527543	-0.4730199	-0.13839586	-0.0013204989	0.27876112	0.17540771	-0.10379847
0.30235383	-0.08456844	0.039075203	0.12464697	0.16140382	0.29538625	-0.30055988	0.26422468	-0.10560301	-0.18700932	-0.21932721	0.18760863	0.01734919	0.21452063	0.33163372	0.14898612	-0.33775336	0.103747614	-0.011652239	0.3432448	0.053732514	-0.017335182	-0.5261662	-0.52923095	0.15712099	0.10647656	-0.32036272	0.34398058	0.2832626	-0.094861165	0.45260462	0.20803848	-0.32696375	-0.3586647	-0.61820316
-0.48949412	-0.08530815	-0.0648543	-0.23466265	-0.39237827	-0.32296076	0.15159196	0.3446359	-0.37541163	-0.025183367	-0.31716365	-0.41750917	-0.049257193	-0.16422378	-0.22692557	-0.37726885	0.018818818	0.09754429	0.22787854	0.3076614	-0.10588724	0.22304262	0.10938817	0.38576645	-0.1608921	0.17682755	-0.17494419	-0.1212501	-0.24478431	0.22082114	-0.05764005	0.22741985	-0.15442123	0.032925386	0.23653074
0.112603225	-0.28262562	0.20600633	0.2285927	-0.20160158	-0.45453134	-0.15184341	0.27354613	-0.35433248	-0.09473112	0.20583957	0.2853653	-0.4278628	0.09463145	-0.008393318	-0.042992424	0.10243834	-0.32408482	-0.2835192	-0.22354862	-0.2277159	0.26095125	-0.3436147	-0.3060311	-0.15674596	-0.21527211	0.21094754	0.019675847	-0.07858715	0.15782396	0.07952483	0.22346422	0.27034327	0.19897896	0.14053756
0.33768976	0.09700021	-0.06352365	0.31484765	0.33891466	-0.10114537	-0.081223145	-0.30012363	0.25917035	0.14699931	0.34569013	-0.1300867	-0.14549328	0.44500953	-0.035552554	-0.28765896	3.131543E-4	-0.26530406	0.093055725	-0.01020086	0.3588739	-0.32782644	0.05628755	-0.29055196	-0.40846056	-0.27409995	0.36231196	0.30351445	0.08677613	-0.3113327	-0.20917499	-0.3056094	0.16699816	-0.21325773	-0.54791224
-0.21975897	-0.00941485	-0.069753036	-0.44255552	-0.3651046	-0.61033195	-0.2569726	-0.20647132	-0.2658917	0.10486158	0.05820484	0.16895056	0.12798023	-0.435122	0.07162915	0.29682285	0.21410179	0.16440745	0.15384613	-0.47611845	0.29480648	0.074451245	-0.0874737	-3.7740724E-4	-0.2403919	-0.0918168	0.31993094	0.031150835	0.2935416	0.048248973	0.22245461	-0.060265128	0.33274388	0.11230484	0.2362565
0.3829949	0.2861401	0.11219849	0.42040905	0.082653895	0.34849945	0.50671715	0.14807704	-0.30552799	0.42463747	0.18439466	-0.008961572	-0.25677243	-0.3759858	-0.12443588	0.050557204	-0.55226976	0.14562064	-0.4329746	-0.45062083	-0.21924683	-0.2917659	-0.46771255	-0.09239538	-0.20549437	-0.5021537	-0.47069064	-0.5353245	-0.6126337	-0.41911855	-0.18462037	-0.37089643	-0.1426311	-0.22757566	-0.15697928
-0.3438369	0.06614586	0.26991904	-0.35336614	0.37073055	0.08395242	-0.5176692	0.08008315	-0.0015882947	0.29690853	0.35417172	0.0801609	0.4095624	0.23171788	-0.34577417	-0.1864738	-0.088241845	-0.26104754	-0.20249066	-0.14551267	0.121509336	0.33918014	0.119143486	-0.48702133	-0.19262712	0.17679116	-0.026448024	-0.13257648	0.13284718	-0.44105652	-0.21449219	-0.40847898	-0.37444985	-0.34961596	-0.48201707
-0.42716298	-0.42954245	-0.28381735	-0.33454284	0.23491895	-0.5409871	0.27041876	-0.33433896	0.07444781	0.10544526	0.22791499	-0.24908112	0.18185872	0.08082718	0.3763151	-0.28809968	0.08337618	-0.20214036	-0.034332965	-0.23841098	0.005218529	0.33013868	-0.16344784	-0.0017543801	-0.14519346	0.2639552	0.1076208	0.13479872	-0.29100522	0.23275244	-0.27867946	0.0032404028	0.1406746	-0.22107829	0.077866994
-0.0587334	0.1314102	0.2776502	0.25464797	0.29620537	0.1988803	0.16073184	0.23861757	-0.2968128	0.3239706	0.1171451	0.26736307	0.18910618	-0.23660812	0.24703266	-0.37328365	-0.424009	-0.2334932	0.23603263	0.41277513	-0.536807	-0.32599294	-0.35716525	-0.5546119	0.20357838	0.12839305	0.27525035	-0.6061397	-0.054136146	0.10710817	0.0012235777	-0.32305607	-0.22704439	-0.18957886	-0.2108704
0.28139564	0.10766357	-0.07926739	0.014651473	-0.33025637	-0.11238186	0.15529038	0.2971774	0.21312216	0.028858349	-0.20853555	0.22401817	0.24997205	0.27390686	-0.06460719	-0.15777184	-0.16392785	-0.25416046	0.3456351	-0.0018718755	0.24937916	-0.08761026	0.04261807	0.35618547	-0.39576694	0.27387226	0.36215574	-0.48792952	-0.121208474	-0.3929141	0.010307436	-0.21670775	-0.4535775	-0.2313277	-0.39672977
0.08775264	0.0497733	0.1318201	-0.3339192	-0.30020693	0.13351715	0.26766208	0.30724275	-0.122369416	0.07177837	-0.24409305	-0.20431423	-0.26920044	-0.21767527	-0.2459582	0.33289117	0.30280083	0.29839212	0.33638367	-0.4201173	0.431006	-0.47117835	0.19622415	0.38108975	-0.043949775	-0.40466926	-0.43003693	0.22532725	0.39238313	-0.004213476	0.04910788	-0.5051467	-0.4009378	0.27636993	-0.20810665
-0.2595437	-0.48644698	-0.18727143	0.24311118	0.27959034	0.1376774	0.104798354	-0.35081637	0.097639345	0.26097375	-0.33318174	-0.011572874	0.14464985	0.38012606	-0.12807012	0.121506914	-0.16843346	-0.29531258	-0.14458662	0.39605558	-0.3866233	-0.2994258	-0.097391106	-0.36911884	-0.28449878	0.30690828	-0.3378557	-0.041989118	0.35598582	0.392071	0.16291378	0.25744143	-0.25340164	0.31937647	0.32831308
0.14224474	0.25043696	-0.2744034	-0.020432014	0.17172304	-0.18825197	0.27752864	0.22952594	-0.05985422	-0.24233608	0.1452199	0.094207294	-0.49561608	-0.20481367	-0.31197563	0.08748146	-0.41018707	-0.41391975	-0.32716545	0.25361443	0.061494328	0.008948261	-0.42855692	-0.3440875	0.34153882	0.20080079	0.28275907	-0.029456772	0.2092696	0.42623404	-0.120470785	-0.0020150545	0.09898832	0.20200713	-0.1244389
-0.4415324	-0.15692666	-0.4605513	-0.34784332	-0.08178763	0.06488417	0.26443356	-0.24545918	-0.16897748	-0.3038844	-0.150884	0.1922583	-0.6568529	0.0038562722	0.047827546	0.18009251	-0.16724706	0.28614926	-0.45014402	-0.12921774	0.011857147	-0.2600941	-0.18929815	-0.3695879	-0.08876021	0.3117978	0.09025988	0.09840775	0.1727896	0.34597498	0.16340551	0.35625887	0.26382953	0.08762409	0.32455343
-0.39402172	0.26936036	0.1751085	0.06736559	0.16751772	-0.20259419	0.2217011	-0.39036956	0.11961085	-0.104429185	0.02133884	-0.23770803	0.050348308	-0.46633205	-0.2518845	0.17241828	0.2577797	-0.38930026	-0.44347984	0.22206572	-0.053728774	-0.38596934	0.32949078	0.18616188	0.19411485	-0.278559	0.08466782	0.20910047	0.16300488	0.06743539	0.11469053	0.31298876	-0.3175444	0.2978324	0.33697286
0.09508477	-0.076485604	0.24381809	0.33215636	0.03585021	0.2957976	0.47397527	0.036605306	0.33096626	-0.079853095	-0.3664735	-0.23728383	0.028826501	0.12675327	0.20142588	0.20462812	0.3745805	0.37984586	-0.2212026	-0.394318	0.2924178	-0.33216143	-0.02272294	-0.54295385	-0.28350317	-0.5737587	-0.5113518	-0.2043113	-0.6361765	-0.27272204	-0.41041112	-0.14421272	-0.5197775	-0.32281536	-0.047111124
0.18647823	0.39221102	-0.14168213	-0.095651664	0.21097198	-0.07042077	-0.18757737	0.22763805	0.17138132	0.040146533	0.32630354	0.088436455	-0.41881958	-0.10708134	0.28314638	-0.5616039	-0.48628816	-0.45665732	0.3469358	0.13819908	-0.44217974	0.08881632	-0.3666331	-0.2226248	-0.14837384	-0.1969344	-0.16982588	0.25611174	-0.14221497	-0.01796118	-0.2903546	-0.33946148	0.014632069	-0.060730945	-0.28143927
0.100455254	0.15492694	0.28741667	-0.042867493	0.11891238	0.008630175	-0.3425555	-0.0035888478	-0.2974513	0.38946366	0.34686536	-0.28574574	-0.35628483	0.17933118	-0.56000537	-0.45854217	-0.50071603	-0.58548105	0.16047391	-0.012631846	0.16047859	0.26559892	0.08388434	0.34420165	0.1908772	0.16126205	-0.4235234	-0.0967906	0.50431114	-0.0963338	-0.4759593	-0.20634983	-0.10939836	-0.24106501	-0.17748982
-0.4547044	0.2659455	-0.44546217	-0.24050792	0.007716542	0.11685451	-0.23049709	0.24634865	-0.36844856	0.18807341	-0.5242315	0.16053753	-0.19943267	-0.022156596	0.27532643	0.05177643	-0.20558241	-0.16664642	-0.043108933	0.2634218	-0.18652512	0.0698182	-0.049268086	0.23207918	-0.24423257	-0.37938422	0.28925794	-0.091972046	0.25266534	-0.07996363	0.24411748	0.17530815	0.16440248	0.26283908	0.31434646
0.29433846	0.2705693	0.07135272	0.18836007	-0.1894558	-0.28004327	0.028400423	0.11096738	-0.3240815	0.17096685	-0.0976469	-0.18983866	0.01102432	-0.08263133	0.010500376	-0.25740564	0.28932238	0.27442706	-0.18803972	-0.17900369	-0.025759714	-0.034185927	-0.5092895	-0.10142404	0.22120629	0.17822963	0.13854823	0.17288397	-0.37491128	-0.04191891	-0.2578011	-0.18841434	0.3805607	0.28775978	0.20649995
0.14361607	-0.17308168	-0.4842215	-0.14061618	-0.29512605	0.058550872	-0.34227702	-0.13045423	0.099679	0.23390286	-0.24156387	0.040215112	-0.3055751	-0.3234092	-0.20201613	-0.14676462	0.2981473	-0.059389256	0.06614112	-0.3479886	0.33755845	-0.34864852	0.29042503	0.073348194	0.15411296	0.387363	-0.20571534	-0.034268413	0.031608168	-0.055097695	0.27321747	0.3567317	-1.8426088E-4	0.33387554	0.2980117
-0.35855472	-0.17308646	-0.06569733	0.3849456	-0.03583527	-0.06975825	-0.054941867	0.025639312	0.08502304	-0.38917258	0.02215634	-0.12809943	0.3471732	0.32851195	0.2908749	-0.07637386	0.27418536	0.11896432	0.10774406	0.24272661	0.102478325	-0.39385307	-0.003107507	-0.010573697	-0.15024176	0.31068367	-0.022061996	-0.16491917	-0.2735485	-0.4288359	-0.43444267	-0.455053	-0.5803032	-0.124607354	-0.6570465
0.244731	0.44218886	0.03310446	-0.11294591	-0.25953612	0.2762497	-0.3801761	-0.081608556	0.21298654	-0.09109325	0.36539984	-0.094829015	0.15162165	-0.44247484	-0.2038383	-0.09133296	-0.060034797	0.35923332	-0.013288012	-0.48884955	-0.5511226	-0.38555694	0.255981	-0.2460043	0.2852743	-0.41237345	0.48441502	0.17205913	-0.24022365	0.0030746192	-0.13100354	-0.08147756	-0.43805367	-0.29253116	-0.38257214
0.01237001	0.23359455	-0.24747959	-0.14187893	-0.30913538	-0.27431127	-0.093343094	0.33265445	-0.014549853	-0.21132067	0.2805572	0.2555066	-0.42265132	-0.042047728	0.016256953	-0.39345348	-0.15230295	0.22135918	-0.1549356	0.067880854	-0.4516892	-0.25068352	-0.1900765	0.26452044	0.37812462	-0.2605445	0.20040141	-0.40801936	0.16805404	-0.016662342	-0.097157694	-0.32797208	0.38576272	0.30691248	0.10385567
-0.60676247	-0.4893047	0.048479583	0.22959895	0.32541984	0.30543098	-0.32113203	0.22953604	-0.078644246	-0.23487543	-0.18239883	0.10244187	0.2933851	0.06065304	-0.294867	0.19522493	0.26198208	0.17396697	0.39084253	-0.44984066	0.060941234	0.2605164	0.21556196	0.15262938	0.31143335	-0.07962714	-0.09695954	0.18097061	-0.5560085	-0.3069926	-0.4701015	-0.54868674	0.02771912	-0.2804549	-0.0025949883
0.3495599	0.46327817	0.11361169	-0.2227781	0.3753059	0.4069831	0.48299283	0.38752556	0.28802943	0.28687495	-0.13966362	-0.4324567	-0.27155071	-0.073669635	0.105791844	-0.048713446	-0.16619523	-0.40362063	-0.026796672	-0.20014292	-0.2479402	-0.24669108	0.011177901	-0.19092757	-0.5065132	-0.06904853	-0.42804658	-0.48465326	-0.35756814	-0.013014328	-0.058250695	-0.12896572	-0.15849599	-0.18969467	-0.31964388
0.23057297	-0.10885399	0.09459655	0.02156218	-0.07308542	0.13015367	-0.39578408	-0.33194342	0.15515384	-0.22001848	0.23206499	-0.092756175	-0.3130895	-0.11713206	-0.5341946	0.3750911	0.26720908	0.29559076	0.11660807	0.04712832	0.04976242	0.40910026	-0.42173228	0.41379866	0.11845653	0.16539314	-0.29034328	-0.373654	0.3208279	0.1598835	-0.5871639	0.11626645	-0.43284294	-0.41578677	0.09785433
0.05056086	-0.45001587	0.10474765	-0.23034304	0.13269944	0.22284704	0.040555328	-0.43341094	-0.098520406	-0.348442	-0.30173197	-0.12866043	-0.10198895	-0.47706556	0.3077344	-0.028478187	-0.009358325	0.07011034	0.1593486	-0.048717137	-0.31129864	0.2970741	0.38033676	-0.35278386	-0.22972685	0.3748112	-0.092031255	0.12841892	0.17429477	0.23607744	0.13169457	0.33080286	0.22760558	0.22473408	0.3003976
-0.26681283	0.16332208	0.2865812	0.19670399	0.06028384	0.32997847	-0.41899973	0.28082126	0.17130741	0.051439643	-0.074307576	-0.1340849	0.35953608	-0.01710705	-0.55618936	-0.2534498	0.21947554	-0.48260307	-0.27566558	0.3556222	-0.055870682	0.425116	-0.2772131	0.089028604	0.25051758	-0.4746226	0.2516347	0.300107	0.2285542	-0.26534507	-0.28375196	-0.5390501	-0.105456464	-0.42659402	-0.6434202
-0.40521687	0.3611392	-0.10648905	-0.3598421	0.012448814	0.13814747	-0.13872148	-0.17072058	-0.31282192	0.118955724	0.08762852	-0.03182704	-0.258725	-0.32689083	-0.26969048	-0.20452195	0.37149218	-0.2884863	-0.25071388	-0.24505235	0.1421916	-0.066548854	0.29488873	0.28817233	0.08322643	0.40655667	-0.20145437	-0.19470507	0.18236364	-0.27572682	-0.56070966	0.07759936	-0.37406358	-0.28660157	-0.12001889
0.06402597	-0.15299356	0.14892675	-0.17896342	-0.31230417	-0.37049922	0.0028167383	0.29393265	0.14973721	0.19156475	0.09896247	-0.09702737	-0.2461831	0.21556993	-0.41068846	-0.220098	0.3439481	0.18097019	-0.12668777	0.33307412	-0.021188293	0.3259531	-0.43691176	-0.5524073	0.3074954	0.04440154	0.42096758	-0.26469016	-0.36894923	-0.3678408	-0.07884821	-0.20955154	0.08986263	-0.16121674	-0.35846606
0.3213662	-0.34694186	-0.15431595	0.15890427	0.28742605	0.055339597	0.2422627	0.13415556	-0.01753471	0.27076736	-0.04292881	0.1119242	0.34562796	-0.4139479	0.008067097	-0.4201243	-0.08808368	0.20042437	-0.49851274	-0.25311106	-0.42655087	-0.25138697	-0.36929482	-0.24744868	0.20392883	0.11308053	0.09834258	-0.21019676	0.14110324	-0.2838656	-0.09612818	0.23044561	-0.34150285	-0.042154722	-0.24706976
-0.24667406	0.12464171	-0.301147	0.1466641	-0.1340298	-0.24930534	-0.1840756	-0.41637403	0.075857766	-0.22160918	-0.033996213	0.31346482	-0.15027764	0.072159074	0.38265845	-0.099992	-0.30216897	0.019270103	0.3126661	-0.065811515	0.1748353	0.28107947	-0.16639023	-0.22538614	0.06818941	0.39513683	-0.10363002	-0.35778168	-0.04511801	-0.3107278	-0.40236107	-0.40618324	0.1561251	0.2512727	-0.1061946
0.14931564	0.24722782	0.10083421	0.14116678	0.24605499	0.29388496	-0.30122858	-0.27278692	0.21304674	-0.25485888	-0.13766642	0.41295815	0.2638483	0.04667639	-0.3867766	0.15655462	-0.34424552	0.05797432	-0.102340065	-0.03235886	0.35045972	-0.4923715	-0.29906195	-0.54774624	-0.14784312	-0.14251441	0.42441037	-0.4257591	-0.44691283	-0.061122693	0.013746604	0.34735173	-0.42320573	-0.073503986	-0.28139955
0.10343282	0.025823994	0.13020536	-0.40599412	0.33840328	-0.015858412	-0.18835542	-0.39357942	-0.36424085	0.13700831	-0.19236079	0.10446675	-0.2824048	0.14196661	-0.3470233	-0.24133648	0.20828836	-0.41436067	-0.08819763	0.0837116	0.16623688	0.24194579	-0.018993812	-0.086702526	-0.39881247	0.2835408	-0.2304922	-0.005233476	0.2641032	0.17122531	0.1219214	0.33093446	-0.49179196	0.11099826	0.21760897
0.12741254	-0.07423756	-0.2785539	-0.20718904	0.18565752	-0.3467766	-0.4714836	0.12078647	0.28390232	-0.23104933	-0.4092144	-0.3967663	-0.18717591	0.24260259	-0.41815475	-0.15053734	-0.42255095	0.027745469	0.24774018	0.19244564	0.15885545	0.11788691	0.038795717	0.30804288	0.3409264	-0.2691112	0.21805665	0.29270732	-0.27591112	0.3499154	-0.36091915	0.25739416	0.22604008	0.19904554	0.017467389
0.26663184	-0.18735515	0.16033195	-0.40137708	-0.16232575	-0.09931406	-0.10584374	-0.23391457	-0.24841382	-0.031138686	0.12503253	-0.038745005	-0.35575867	0.013878422	0.109193176	0.02254616	0.29568747	-0.008933324	0.32627922	-0.28315717	-0.14364189	0.010146573	-0.24018434	-0.033110388	0.32856148	-0.32765555	-0.125395	-0.30650336	0.018828763	-0.42061937	0.37750265	-0.06768156	0.37877417	0.13757601	0.17735407
