0	NaN
723,448	94,9875911540548
1410,8	95,0438483596794
2090,632	95,6881132442398
2764,648	95,4801313078327
3426,544	94,9622611037091
4087,312	94,9817823128137
4743,304	94,5106704484928
5401,032	95,0236926180306
6055,608	94,8396551203264
6708,36	95,5689983548994
7364,264	95,4506702822973
8021,992	95,3493737542304
8699,688	95,47282925039
9379,144	95,3932702342287
10068,448	95,7537119535448
10767,832	95,6349647335812
11470,304	95,7482610641719
12175,96	95,5996993462485
12892,848	95,3591325647986
13622,416	96,5179209629594
14375,848	96,9603265856902
15122,928	97,234628365685
15860,656	97,1540423817474
16574,44	97,1370380529264
17286,464	96,1730566476255
17996,936	96,1051763086287
18707,4	95,9979429663631
19418,072	95,7586730715617
20128,656	95,3050872152967
20834,52	95,9015149114128
21538,576	95,9420245465389
22233,144	95,7591504012299
22926,168	95,7568548052142
23609,68	95,9795976520072
24285,408	96,1476296871913
24954,696	95,3232618534303
25616,96	95,413519027401
26279,888	96,2008149536579
26947,312	95,5949845800208
27610,04	95,7056226495967
28272,848	95,8021231313414
28937,464	95,470233063612
29602,008	95,9867501492511
30268,336	95,6207448254402
30925,736	95,4985733229979
31581,376	95,7452168781165
32238,424	95,7673997516587
32887,2	95,7434139484949
33537,144	95,6129515959711
34180,76	95,6555320199072
34832,496	95,8430472680314
35487,64	95,1007777346307
36146,104	95,1432767581113
36804,48	96,0089492538479
37469,2	95,907694894756
38137,376	95,1519172302414
38797,928	95,6608298622775
39455,248	95,2398804099354
40104,168	94,982414103216
40745,104	94,9892084861342
41385,984	94,6689436876254
42023,216	95,264124433214
42668,352	94,6248912976288
43318,312	95,3528285680736
43971,576	94,9531619725701
44637,656	96,0202085878061
45305,392	94,6879206512343
45968,64	95,6685054958334
46625,032	94,9669260771146
47289,936	95,4412168748742
47948,28	95,2737364685455
48600,08	95,2744152442507
49242,944	95,6306392983953
49882,216	95,2632142857119
50518,52	95,2634450704367
51154,76	94,8935190230602
51787,536	94,6443330695119
52422,664	94,8952311323874
53064,624	94,9236223542828
53705,104	94,8600719855428
54349,16	95,0173024788811
55001,224	94,3658208559428
55653,768	94,420963717572
56306,304	94,9019449102651
56961,744	94,5066987041094
57606,44	94,7293579007993
58264,704	94,6595426631522
58931,4	94,6795304506324
59602,496	94,669796915844
60278,92	94,535355335893
60955,232	94,9647769662448
61630,384	94,3093421303483
62303,344	94,2470404875041
62975,352	93,9627781745577
63637,448	94,1756119991108
64291,76	93,4104528365205
64933,816	93,4600375465865
65564,192	93,6859108541917
66190,216	93,9774116116384
66817,848	93,6863582402035
67451,88	94,0075362095569
68093,976	92,7917650015051
68753,704	92,9256036520835
69423,008	92,5876256181633
70106,752	92,552771490512
70803,8	92,5818816900592
71517,2	92,6865452994089
72230,56	92,3885299804083
72939,84	92,0186169706634
73643,44	91,7692581849481
74333,4	91,8031986711859
75023,656	92,2465418362831
75710,16	91,4985028540529
76404,92	90,5265109047312
77115,384	91,4111289557895
77851,312	91,8048540318009
78616,52	91,8599136856931
79384,04	91,1101191300496
80139,024	90,3768486169129
80893,112	91,2144145663831
81660,72	90,452948152591
82427,664	89,5713907391933
83157,464	90,5615169246476
83895,392	90,7148689183628
84650,464	90,3368853381492
85396,152	89,8779779969415
86141,896	89,9320953774272
86895,544	89,8923401321959
87636,84	90,0124074380618
88381,44	89,7861526552826
89121,24	90,3649295178634
89867,68	89,7931215431257
90632,776	88,9755777582446
91413,104	89,1253194196192
92190,416	88,974222081951
92934,808	88,7447330070111
93679,936	88,1211114403055
94417,864	87,6386548548418
95148,76	88,3265140686208
95877,16	88,1464822698314
96601,352	87,9665347467048
97351,368	89,0176919142771
98087,4	88,2438282329571
98824,464	88,2880177375495
99574,76	87,8231246162053
100310,872	87,4808728695851
101054,216	89,0871663542054
101835,688	87,8096549073879
102794,128	88,298786784424
103677,448	86,9950899953942
104499,744	87,6137648851417
105365,704	86,2267998016192
106208,744	93,8023411444137
106980,896	86,6373444771267
107733,632	86,7720345205357
108494,736	86,334364187826
109305,152	85,8884743950024
110331,808	87,3049368409249
111262,976	86,7808832209852
112189,376	86,0133492329021
113118,68	86,0504897439029
114025,336	86,5767109803082
114893,808	85,434289236399
115803,272	85,1962637982448
116670,112	85,0693079507681
117583,28	84,6181915898206
118540,76	84,039081666607
119465,568	82,8858165087679
120433,256	85,9126147567294
121389,376	89,152824666682
122269,96	91,7525581673185
123205,888	92,2462068071992
124167,032	94,451706937532
125164,36	95,7358509141336
126193,096	96,9166895785117
127240,04	97,4748735048476
128284,584	97,9173189393279
129332,248	97,7090697979669
130368,952	97,7248212119425
131424,632	97,9908184598088
132468,584	97,6450240430197
133517,8	97,9688803177038
134562,128	97,0259216588861
135605,12	97,7301205744121
136620,128	97,8632362208033
137615,536	97,6776055527113
138602,64	97,7930675729162
139568,656	97,5599139388334
140556,264	97,5409478283122
141532,072	97,2921859166008
142498,12	97,7084002864832
143455,672	97,558191396429
144399,976	97,4944230758302
145362,432	97,31951822107
146315,312	97,464896071444
147273,24	97,6049419839195
148237,288	97,3426661330209
149185,08	97,3544766476774
150131,464	97,4829943968986
151079,176	97,3847645502456
152030,232	97,5327961106629
152988,208	97,3091746205651
153940,088	97,3387330921769
154891,256	97,2803363406616
155855,336	97,2670121540689
156822,784	97,2421101924428
157761,888	96,6638808046831
158691,752	96,7735640671497
159609,88	96,2176097908382
160563,632	95,9484850732873
161521,176	96,0409059262615
162502,104	95,6078533765196
163481,352	95,8455076635391
164468,784	96,2365548891288
165444,024	96,1254202074519
166406,464	95,8172625011771
167353,952	95,7063192586396
168279,632	95,9990338023189
169213,28	95,6618112989669
170178,696	95,6570912399081
171130,792	95,8704006368281
172094,896	95,7498604832577
173062,16	95,711833189858
174018,144	95,588177737847
174949,072	95,3279148631406
175874,144	95,2435349195138
176790,312	95,5314333854761
177701,88	95,0759663998829
178623,432	95,2889362784235
179549,56	95,1200495502507
180472,28	95,3113093711978
181419,904	95,1243400111507
182381,08	95,2125279887532
183337,136	94,6690205639191
184283,352	94,8415269378833
185220,808	95,1435264548101
186160,44	94,3513056343476
187104,976	94,3414256555091
188031,512	94,5727499793279
188962,696	94,9196511954425
189836,432	94,1930383879637
190678,904	94,4913981264609
191491,344	94,297910374648
192316,504	94,678277425979
193325,216	94,3855915178323
194274,904	94,0704516149648
195199,464	93,8952945783621
196071,624	93,61222049616
196866,976	93,6196458762738
197617,024	92,8849846491365
198350,76	92,4848854169532
199087,712	93,2186863138553
199826,136	93,3266173982782
200607,608	93,216886758792
201422,032	92,9911515571333
202223,12	92,8136449333652
203000,968	92,1912904694361
203760,416	92,0938469585617
204527,6	92,3084120068962
205304,448	92,7825250268997
206057,736	91,7501954017755
206810,952	91,8781084641188
207566,04	92,3553019270416
208299,616	92,2902191933786
209025,168	92,3340397956388
209768,368	91,3685885167834
210512,432	92,7437307136501
211242,216	92,1444867469488
212006,648	92,0432853882742
212817,472	92,1638168495463
213606,608	92,1314422865944
214368,04	91,5282617324367
215131,072	91,2626431183851
215871,072	91,6421990833936
216596,216	90,816934849231
217331,328	91,1262040497331
218077,784	91,3525318439256
218860,984	90,7861580127424
219627,616	91,6795776953015
220361,024	91,0526213030139
221107,86	91,4030085312034
221905,784	90,4873811307475
222728,176	90,799629978094
223507,944	90,3859839896081
224325,44	91,3687644716866
225120,064	90,3592276618296
225861,616	91,2162463934329
226613,344	90,0893129859527
227370,128	90,7050198742884
228118,56	90,2477405259984
228885,008	90,6308638059034
229680,504	90,7993752463878
230473,144	90,1038180517371
231317,088	90,8645145053217
232129,856	89,5279185237689
232871,84	87,5486390756615
233607,112	88,2292939359819
234363,768	88,935489434708
235400,056	88,5648916986222
236358,936	89,664394321382
237246,04	91,5760093930387
238203,656	89,4074561990282
239039,336	87,9377048437203
239865,952	88,6780518003651
240697,904	88,2242770623315
241543,656	88,2645212499179
242446,824	87,9558335861845
243481,744	88,3018696971977
244385,08	88,0227447104752
245205,472	86,9841548505704
245987,096	88,2673745035579
246737,216	87,2063994588353
247752,568	86,7004010426371
248684,056	88,9173063526151
249560,592	86,2222755664585
250338,536	87,3382996223718
251111,224	86,1829949501956
251870,528	87,4519554847056
252609,24	87,9799298915695
253191,032	87,4731694123925
254390,272	NaN
255514,68	84,9997229963825
256426,408	85,7647928456827
257243,8	86,4826768596129
258048,208	85,1409419376715
258826,456	87,0296576059481
259571,464	85,2777417950018
260315,048	86,132986908488
261076,424	85,7974496290103
262155,128	NaN
263844,52	85,3797260786455
264605,632	85,7882447237734
265317,592	85,6452650400631
266064,36	86,6796386759448
266774,344	82,8136130583962
267494,72	83,5552581032726
268099,648	86,0136227594469
269100,12	NaN
270791,256	84,0837268649782
271353,288	80,9184717520216
272274,752	86,9272339526463
273003,272	85,645602433636
273553,896	81,3543824612611
274460,624	85,1982152057509
274989,816	79,4244357237758
275843,24	85,0095921220996
277224,712	83,8529279609228
277739	80,3729031430228
278985,024	82,0481214988178
279533,976	84,5361483002996
280628,256	82,7277970987003
281330,528	78,9209872246974
282027,136	84,217568342369
282742,648	77,5972805281314
283289,912	84,047907431164
283753,2	75,2384193236177
284819,72	82,4900742693545
285322,448	72,7909206623979
286574,032	81,5802653045021
287302,292	82,2437494324893
288081,328	82,5274355329123
288842,568	81,0968802790569
289599,184	85,1639509362135
290308,136	80,7154743361541
291018,56	82,4213448753113
291728,68	77,1042520676188
292470,48	78,7254672965048
293438,696	78,6821175314738
294370,968	77,3060831764074
295331,752	77,5876358912152
295870,952	77,1923119234021
296871,736	75,0846181700447
297831,06	77,4193607070683
298780,368	81,9715800020901
299774,128	86,9668225352274
300794,864	90,9485527673226
301800,952	93,036699502857
302706,448	93,7501195972329
303475,008	94,8190665421896
304213,928	96,1808465857778
304957,024	96,6904063148445
305707,72	95,6939905477017
306495,64	95,7289384964366
307271,72	96,3819758261621
308043,016	97,863304907506
308791,432	97,1774498097444
309541	96,611814655171
310286,928	95,6350450575354
311065,136	96,1604656589829
312016,016	97,9247016373081
312929,6	96,2610732369219
313867,36	97,172460180507
314811,648	96,9001255228686
